# LightGBM-rs device-primitive PERCENTILE golden set (Phase 14, 14-02,
# ODL-01 / D-03). VERBATIM PercentileDevice (weighted + unweighted,
# cuda_algorithms.hpp), commit 195c26fc / 4.6.0.99, gfx1100. VAL_T/WEIGHT_T
# = double; values/weights/out as raw f64 bits. MASTER_SEED-derived;
# idempotent (D-14).
MASTER_SEED 233250021
PCTL name=n16_a50 weighted=0 n=16 alpha=4602678819172646912 values=13879823755305287680;13789338637765005279;13847106151512014848;13819037895987560448;13876074919944519680;13786931463764175749;13845683271796523008;13820631225775161344;13875774003798343680;13789249550934876357;13846128960552828928;13819845212400254976;13876098139611463680;13786262397744534520;13847763281508302848;13817927389243506688 out=13845683271796523008
PCTL name=n16_a50 weighted=1 status=deferred_kaggle_nvcc n=16 alpha=4602678819172646912 values=13879823755305287680;13789338637765005279;13847106151512014848;13819037895987560448;13876074919944519680;13786931463764175749;13845683271796523008;13820631225775161344;13875774003798343680;13789249550934876357;13846128960552828928;13819845212400254976;13876098139611463680;13786262397744534520;13847763281508302848;13817927389243506688 weights=4604738424353796915;4602442314221512294;4594386082573634765;4603362660429542195;4606820624498897715;4603583662266725171;4599619318117197414;4603577065196958515;4604248317045715763;4602888496040063795;4607596357440084378;4603024560604001075;4604869541115409203;4607107322155840307;4604216431208510259;4605569380266488627 note=reference-weighted-PercentileDevice-non-idempotent-on-gfx1100-APU-capture-on-Kaggle-nvcc
PCTL name=n16_a90 weighted=0 n=16 alpha=4606281698874543309 values=13879823755305287680;13789338637765005279;13847106151512014848;13819037895987560448;13876074919944519680;13786931463764175749;13845683271796523008;13820631225775161344;13875774003798343680;13789249550934876357;13846128960552828928;13819845212400254976;13876098139611463680;13786262397744534520;13847763281508302848;13817927389243506688 out=13877588385888993281
PCTL name=n16_a90 weighted=1 status=deferred_kaggle_nvcc n=16 alpha=4606281698874543309 values=13879823755305287680;13789338637765005279;13847106151512014848;13819037895987560448;13876074919944519680;13786931463764175749;13845683271796523008;13820631225775161344;13875774003798343680;13789249550934876357;13846128960552828928;13819845212400254976;13876098139611463680;13786262397744534520;13847763281508302848;13817927389243506688 weights=4604738424353796915;4602442314221512294;4594386082573634765;4603362660429542195;4606820624498897715;4603583662266725171;4599619318117197414;4603577065196958515;4604248317045715763;4602888496040063795;4607596357440084378;4603024560604001075;4604869541115409203;4607107322155840307;4604216431208510259;4605569380266488627 note=reference-weighted-PercentileDevice-non-idempotent-on-gfx1100-APU-capture-on-Kaggle-nvcc
PCTL name=n16_a10 weighted=0 n=16 alpha=4591870180066957722 values=13879823755305287680;13789338637765005279;13847106151512014848;13819037895987560448;13876074919944519680;13786931463764175749;13845683271796523008;13820631225775161344;13875774003798343680;13789249550934876357;13846128960552828928;13819845212400254976;13876098139611463680;13786262397744534520;13847763281508302848;13817927389243506688 out=13788322316066596113
PCTL name=n16_a10 weighted=1 status=deferred_kaggle_nvcc n=16 alpha=4591870180066957722 values=13879823755305287680;13789338637765005279;13847106151512014848;13819037895987560448;13876074919944519680;13786931463764175749;13845683271796523008;13820631225775161344;13875774003798343680;13789249550934876357;13846128960552828928;13819845212400254976;13876098139611463680;13786262397744534520;13847763281508302848;13817927389243506688 weights=4604738424353796915;4602442314221512294;4594386082573634765;4603362660429542195;4606820624498897715;4603583662266725171;4599619318117197414;4603577065196958515;4604248317045715763;4602888496040063795;4607596357440084378;4603024560604001075;4604869541115409203;4607107322155840307;4604216431208510259;4605569380266488627 note=reference-weighted-PercentileDevice-non-idempotent-on-gfx1100-APU-capture-on-Kaggle-nvcc
PCTL name=n64_a50 weighted=0 n=64 alpha=4602678819172646912 values=13879806709653831680;13790090950009008685;13847580702448549888;13818775937342242816;13875827959324999680;13789444190881271775;13845472088254578688;13817522081769717760;13878943018574151680;13788013735049628222;13847840977466687488;13821413940615184384;13878382391124295680;13786159237165570064;13844041151180439552;13819453648821813248;13878810948329799680;13788020208974092567;13847799488082608128;13819117473141620736;13876843048001863680;13787479777018808107;13844203440814686208;13820478531097853952;13875392230597853184;13789223655237018976;13845122392017338368;13820164620528123904;13879372649521479680;13786563857444591632;13845753881058869248;13818130798894645248;13879470494245191680;13788263121878993863;13847215157781987328;13818241024935329792;13875828898849095680;13788287891676944401;13847982969085493248;13818151277298712576;13876607630106951680;13789173130478699414;13846417066959044608;13820024157917675520;13877896120295751680;13786764549102986330;13845922415575564288;13821539284940750848;13877062359769415680;13790073076347987558;13845861727687671808;13818724810051551232;13875655489544519680;13788978068319838929;13847773331731775488;13820612808955396096;13876262824763719680;13788611024950208234;13847338981689131008;13817167764147666944;13877716134322503680;13787690038826410967;13845879251154239488;13817585303688314880 out=13844041151180439552
PCTL name=n64_a50 weighted=1 status=deferred_kaggle_nvcc n=64 alpha=4602678819172646912 values=13879806709653831680;13790090950009008685;13847580702448549888;13818775937342242816;13875827959324999680;13789444190881271775;13845472088254578688;13817522081769717760;13878943018574151680;13788013735049628222;13847840977466687488;13821413940615184384;13878382391124295680;13786159237165570064;13844041151180439552;13819453648821813248;13878810948329799680;13788020208974092567;13847799488082608128;13819117473141620736;13876843048001863680;13787479777018808107;13844203440814686208;13820478531097853952;13875392230597853184;13789223655237018976;13845122392017338368;13820164620528123904;13879372649521479680;13786563857444591632;13845753881058869248;13818130798894645248;13879470494245191680;13788263121878993863;13847215157781987328;13818241024935329792;13875828898849095680;13788287891676944401;13847982969085493248;13818151277298712576;13876607630106951680;13789173130478699414;13846417066959044608;13820024157917675520;13877896120295751680;13786764549102986330;13845922415575564288;13821539284940750848;13877062359769415680;13790073076347987558;13845861727687671808;13818724810051551232;13875655489544519680;13788978068319838929;13847773331731775488;13820612808955396096;13876262824763719680;13788611024950208234;13847338981689131008;13817167764147666944;13877716134322503680;13787690038826410967;13845879251154239488;13817585303688314880 weights=4605031169324692275;4603091355935388467;4605271962371175219;4599437898698614374;4599236138314917478;4607199433742457242;4595757173573471437;4603683717824852787;4604079816888759091;4599965114524132966;4605767842115302195;4607005617330271027;4595785760875793613;4605528423458353971;4601283978721650278;4606238982847804211;4604396201359651635;4606296707208262451;4598420850442921574;4599669345896261222;4604832707475878707;4606637830690779955;4605358823789769523;4596269545992015053;4602900315790062387;4593541437741177242;4603625993464394547;4605047661999108915;4604183995615490867;4604975094231675699;4605306322109543219;4595599943410699469;4605678506795545395;4607210291419781530;4605668611190895411;4603156227121427251;4603516866935337779;4606895116411679539;4603061394243531571;4604170801475957555;4601286727500719718;4598625909361501798;4599747960977647206;4605595493667648307;4598211393477830246;4607547291733694874;4601286177744905830;4606311275737330483;4602132251942479462;4604221928766649139;4607578215498226074;4591958140997179802;4605284056999080755;4602496740047087206;4604909948167729971;4601481890814649958;4606122984371073843;4605957507871093555;4606221115783852851;4602745009772639027;4595872622294387917;4596651076526853325;4603646334429508403;4603580638609748787 note=reference-weighted-PercentileDevice-non-idempotent-on-gfx1100-APU-capture-on-Kaggle-nvcc
PCTL name=n64_a90 weighted=0 n=64 alpha=4606281698874543309 values=13879806709653831680;13790090950009008685;13847580702448549888;13818775937342242816;13875827959324999680;13789444190881271775;13845472088254578688;13817522081769717760;13878943018574151680;13788013735049628222;13847840977466687488;13821413940615184384;13878382391124295680;13786159237165570064;13844041151180439552;13819453648821813248;13878810948329799680;13788020208974092567;13847799488082608128;13819117473141620736;13876843048001863680;13787479777018808107;13844203440814686208;13820478531097853952;13875392230597853184;13789223655237018976;13845122392017338368;13820164620528123904;13879372649521479680;13786563857444591632;13845753881058869248;13818130798894645248;13879470494245191680;13788263121878993863;13847215157781987328;13818241024935329792;13875828898849095680;13788287891676944401;13847982969085493248;13818151277298712576;13876607630106951680;13789173130478699414;13846417066959044608;13820024157917675520;13877896120295751680;13786764549102986330;13845922415575564288;13821539284940750848;13877062359769415680;13790073076347987558;13845861727687671808;13818724810051551232;13875655489544519680;13788978068319838929;13847773331731775488;13820612808955396096;13876262824763719680;13788611024950208234;13847338981689131008;13817167764147666944;13877716134322503680;13787690038826410967;13845879251154239488;13817585303688314880 out=13878187882792878081
PCTL name=n64_a90 weighted=1 status=deferred_kaggle_nvcc n=64 alpha=4606281698874543309 values=13879806709653831680;13790090950009008685;13847580702448549888;13818775937342242816;13875827959324999680;13789444190881271775;13845472088254578688;13817522081769717760;13878943018574151680;13788013735049628222;13847840977466687488;13821413940615184384;13878382391124295680;13786159237165570064;13844041151180439552;13819453648821813248;13878810948329799680;13788020208974092567;13847799488082608128;13819117473141620736;13876843048001863680;13787479777018808107;13844203440814686208;13820478531097853952;13875392230597853184;13789223655237018976;13845122392017338368;13820164620528123904;13879372649521479680;13786563857444591632;13845753881058869248;13818130798894645248;13879470494245191680;13788263121878993863;13847215157781987328;13818241024935329792;13875828898849095680;13788287891676944401;13847982969085493248;13818151277298712576;13876607630106951680;13789173130478699414;13846417066959044608;13820024157917675520;13877896120295751680;13786764549102986330;13845922415575564288;13821539284940750848;13877062359769415680;13790073076347987558;13845861727687671808;13818724810051551232;13875655489544519680;13788978068319838929;13847773331731775488;13820612808955396096;13876262824763719680;13788611024950208234;13847338981689131008;13817167764147666944;13877716134322503680;13787690038826410967;13845879251154239488;13817585303688314880 weights=4605031169324692275;4603091355935388467;4605271962371175219;4599437898698614374;4599236138314917478;4607199433742457242;4595757173573471437;4603683717824852787;4604079816888759091;4599965114524132966;4605767842115302195;4607005617330271027;4595785760875793613;4605528423458353971;4601283978721650278;4606238982847804211;4604396201359651635;4606296707208262451;4598420850442921574;4599669345896261222;4604832707475878707;4606637830690779955;4605358823789769523;4596269545992015053;4602900315790062387;4593541437741177242;4603625993464394547;4605047661999108915;4604183995615490867;4604975094231675699;4605306322109543219;4595599943410699469;4605678506795545395;4607210291419781530;4605668611190895411;4603156227121427251;4603516866935337779;4606895116411679539;4603061394243531571;4604170801475957555;4601286727500719718;4598625909361501798;4599747960977647206;4605595493667648307;4598211393477830246;4607547291733694874;4601286177744905830;4606311275737330483;4602132251942479462;4604221928766649139;4607578215498226074;4591958140997179802;4605284056999080755;4602496740047087206;4604909948167729971;4601481890814649958;4606122984371073843;4605957507871093555;4606221115783852851;4602745009772639027;4595872622294387917;4596651076526853325;4603646334429508403;4603580638609748787 note=reference-weighted-PercentileDevice-non-idempotent-on-gfx1100-APU-capture-on-Kaggle-nvcc
PCTL name=n64_a10 weighted=0 n=64 alpha=4591870180066957722 values=13879806709653831680;13790090950009008685;13847580702448549888;13818775937342242816;13875827959324999680;13789444190881271775;13845472088254578688;13817522081769717760;13878943018574151680;13788013735049628222;13847840977466687488;13821413940615184384;13878382391124295680;13786159237165570064;13844041151180439552;13819453648821813248;13878810948329799680;13788020208974092567;13847799488082608128;13819117473141620736;13876843048001863680;13787479777018808107;13844203440814686208;13820478531097853952;13875392230597853184;13789223655237018976;13845122392017338368;13820164620528123904;13879372649521479680;13786563857444591632;13845753881058869248;13818130798894645248;13879470494245191680;13788263121878993863;13847215157781987328;13818241024935329792;13875828898849095680;13788287891676944401;13847982969085493248;13818151277298712576;13876607630106951680;13789173130478699414;13846417066959044608;13820024157917675520;13877896120295751680;13786764549102986330;13845922415575564288;13821539284940750848;13877062359769415680;13790073076347987558;13845861727687671808;13818724810051551232;13875655489544519680;13788978068319838929;13847773331731775488;13820612808955396096;13876262824763719680;13788611024950208234;13847338981689131008;13817167764147666944;13877716134322503680;13787690038826410967;13845879251154239488;13817585303688314880 out=13788117374136053085
PCTL name=n64_a10 weighted=1 status=deferred_kaggle_nvcc n=64 alpha=4591870180066957722 values=13879806709653831680;13790090950009008685;13847580702448549888;13818775937342242816;13875827959324999680;13789444190881271775;13845472088254578688;13817522081769717760;13878943018574151680;13788013735049628222;13847840977466687488;13821413940615184384;13878382391124295680;13786159237165570064;13844041151180439552;13819453648821813248;13878810948329799680;13788020208974092567;13847799488082608128;13819117473141620736;13876843048001863680;13787479777018808107;13844203440814686208;13820478531097853952;13875392230597853184;13789223655237018976;13845122392017338368;13820164620528123904;13879372649521479680;13786563857444591632;13845753881058869248;13818130798894645248;13879470494245191680;13788263121878993863;13847215157781987328;13818241024935329792;13875828898849095680;13788287891676944401;13847982969085493248;13818151277298712576;13876607630106951680;13789173130478699414;13846417066959044608;13820024157917675520;13877896120295751680;13786764549102986330;13845922415575564288;13821539284940750848;13877062359769415680;13790073076347987558;13845861727687671808;13818724810051551232;13875655489544519680;13788978068319838929;13847773331731775488;13820612808955396096;13876262824763719680;13788611024950208234;13847338981689131008;13817167764147666944;13877716134322503680;13787690038826410967;13845879251154239488;13817585303688314880 weights=4605031169324692275;4603091355935388467;4605271962371175219;4599437898698614374;4599236138314917478;4607199433742457242;4595757173573471437;4603683717824852787;4604079816888759091;4599965114524132966;4605767842115302195;4607005617330271027;4595785760875793613;4605528423458353971;4601283978721650278;4606238982847804211;4604396201359651635;4606296707208262451;4598420850442921574;4599669345896261222;4604832707475878707;4606637830690779955;4605358823789769523;4596269545992015053;4602900315790062387;4593541437741177242;4603625993464394547;4605047661999108915;4604183995615490867;4604975094231675699;4605306322109543219;4595599943410699469;4605678506795545395;4607210291419781530;4605668611190895411;4603156227121427251;4603516866935337779;4606895116411679539;4603061394243531571;4604170801475957555;4601286727500719718;4598625909361501798;4599747960977647206;4605595493667648307;4598211393477830246;4607547291733694874;4601286177744905830;4606311275737330483;4602132251942479462;4604221928766649139;4607578215498226074;4591958140997179802;4605284056999080755;4602496740047087206;4604909948167729971;4601481890814649958;4606122984371073843;4605957507871093555;4606221115783852851;4602745009772639027;4595872622294387917;4596651076526853325;4603646334429508403;4603580638609748787 note=reference-weighted-PercentileDevice-non-idempotent-on-gfx1100-APU-capture-on-Kaggle-nvcc
PCTL name=n200_a50 weighted=0 n=200 alpha=4602678819172646912 values=13879375333876039680;13787826131977650569;13844256397761445888;13819641527871209472;13878506945175879680;13788389363406048592;13845123293960470528;13819393725438099456;13876952569667911680;13786010055427913417;13844514224648224768;13818648393993420800;13879022207033671680;13789549181047584850;13847524781974355968;13817802594673754112;13879583908225351680;13789090799048011547;13844916877832224768;13820388096266469376;13875763132162375680;13787952936454658720;13844668972319899648;13820702968908873728;13876993506074951680;13786853495195626898;13847056158092689408;13821281724341944320;13878232604139847680;13789404502909555573;13847700918583164928;13817149347327901696;13875430079997149184;13787430518897883742;13847485225325559808;13818920523121295360;13879826976530759680;13786062269036093243;13843917198424276992;13820165582600798208;13876626689024327680;13790115227225749979;13846690742275145728;13817131892580810752;13875978820051271680;13789296838730963747;13844107963691696128;13817768097496432640;13877549033251143680;13786404120395308335;13845398386615779328;13817535550787158016;13877900415263047680;13788762317750190211;13844344530490359808;13818565380865523712;13876145250033991680;13787311877195200201;13845101131929223168;13820106483850805248;13877948733645127680;13789866684821314470;13844135923928793088;13820794915568746496;13875891981181255680;13787985587551957156;13844363986692210688;13819234021374164992;13876564411998535680;13786677714072671093;13846587276512985088;13817390140374384640;13877629027017031680;13786262538482022875;13847796911102230528;13817795585287127040;13878422388007239680;13790095805452356944;13846334474737942528;13819061810365464576;13875710921466183680;13787951388342286811;13845471444009484288;13818712715423645696;13879788590260551680;13787294425746644140;13846960423271661568;13818831187801538560;13876148605477191680;13788961883508678066;13847225594552516608;13821010419847790592;13877864847565127680;13787675542865110368;13844635085027934208;13819615689347956736;13879566996791623680;13789716517921239335;13845192357034590208;13820379712490307584;13875737228140871680;13787290203621993480;13845530972256206848;13821279937635549184;13877357101900103680;13786503058849622131;13843700216676483072;13818748312112594944;13878527614705991680;13787492865605225153;13845240288869613568;13821199673286721536;13878613514051911680;13785887050863090860;13843584252559491072;13820339442876940288;13876351274246471680;13786368654548242793;13846191967723061248;13819327892179386368;13875410215773405184;13786840547346698207;13846312956951789568;13818724397734690816;13875652939407687680;13788532634169194316;13845512289148469248;13818757383083524096;13878984894505287680;13785930960959457722;13845492575248580608;13819903623955480576;13877766331752775680;13787260226536973795;13843928537137938432;13817277302993584128;13879805099041095680;13787120192736060244;13845775785392078848;13820350712871124992;13879463917576519680;13788121117753243337;13846639331516612608;13821446376208203776;13879805904347463680;13788507019946313646;13845480334591787008;13821087523100688384;13877904844448071680;13786498273775018050;13846269405983408128;13820134383958360064;13879294400586055680;13787514257703455163;13845801941742911488;13819238969176489984;13875573961401565184;13786610441553237246;13845192228185571328;13821113911379755008;13877590103875911680;13786077468684835619;13847120196055072768;13817603170752266240;13876475694080327680;13788254114679739122;13847271207105200128;13820098100074643456;13877972221747527680;13786609737865795469;13845303811435921408;13820711765001895936;13877804181152071680;13787379571927099114;13845789829935136768;13819317996574736384;13879433852805447680;13787965884303587410;13844904894873468928;13817377083673804800;13879372649521479680;13785890850775276454;13845090050913599488;13819078303039881216;13877231339888967680;13786019907052098290;13847020338065440768;13817284862136025088;13879722957791559680;13787610381408001852;13844211171755819008;13818320327211483136;13876628165419335680;13788075518807016211;13845597329500930048;13820031717060116480;13876684134211911680;13789632497640691204;13845862243083747328;13819688531993296896 out=13843584252559491072
PCTL name=n200_a50 weighted=1 status=deferred_kaggle_nvcc n=200 alpha=4602678819172646912 values=13879375333876039680;13787826131977650569;13844256397761445888;13819641527871209472;13878506945175879680;13788389363406048592;13845123293960470528;13819393725438099456;13876952569667911680;13786010055427913417;13844514224648224768;13818648393993420800;13879022207033671680;13789549181047584850;13847524781974355968;13817802594673754112;13879583908225351680;13789090799048011547;13844916877832224768;13820388096266469376;13875763132162375680;13787952936454658720;13844668972319899648;13820702968908873728;13876993506074951680;13786853495195626898;13847056158092689408;13821281724341944320;13878232604139847680;13789404502909555573;13847700918583164928;13817149347327901696;13875430079997149184;13787430518897883742;13847485225325559808;13818920523121295360;13879826976530759680;13786062269036093243;13843917198424276992;13820165582600798208;13876626689024327680;13790115227225749979;13846690742275145728;13817131892580810752;13875978820051271680;13789296838730963747;13844107963691696128;13817768097496432640;13877549033251143680;13786404120395308335;13845398386615779328;13817535550787158016;13877900415263047680;13788762317750190211;13844344530490359808;13818565380865523712;13876145250033991680;13787311877195200201;13845101131929223168;13820106483850805248;13877948733645127680;13789866684821314470;13844135923928793088;13820794915568746496;13875891981181255680;13787985587551957156;13844363986692210688;13819234021374164992;13876564411998535680;13786677714072671093;13846587276512985088;13817390140374384640;13877629027017031680;13786262538482022875;13847796911102230528;13817795585287127040;13878422388007239680;13790095805452356944;13846334474737942528;13819061810365464576;13875710921466183680;13787951388342286811;13845471444009484288;13818712715423645696;13879788590260551680;13787294425746644140;13846960423271661568;13818831187801538560;13876148605477191680;13788961883508678066;13847225594552516608;13821010419847790592;13877864847565127680;13787675542865110368;13844635085027934208;13819615689347956736;13879566996791623680;13789716517921239335;13845192357034590208;13820379712490307584;13875737228140871680;13787290203621993480;13845530972256206848;13821279937635549184;13877357101900103680;13786503058849622131;13843700216676483072;13818748312112594944;13878527614705991680;13787492865605225153;13845240288869613568;13821199673286721536;13878613514051911680;13785887050863090860;13843584252559491072;13820339442876940288;13876351274246471680;13786368654548242793;13846191967723061248;13819327892179386368;13875410215773405184;13786840547346698207;13846312956951789568;13818724397734690816;13875652939407687680;13788532634169194316;13845512289148469248;13818757383083524096;13878984894505287680;13785930960959457722;13845492575248580608;13819903623955480576;13877766331752775680;13787260226536973795;13843928537137938432;13817277302993584128;13879805099041095680;13787120192736060244;13845775785392078848;13820350712871124992;13879463917576519680;13788121117753243337;13846639331516612608;13821446376208203776;13879805904347463680;13788507019946313646;13845480334591787008;13821087523100688384;13877904844448071680;13786498273775018050;13846269405983408128;13820134383958360064;13879294400586055680;13787514257703455163;13845801941742911488;13819238969176489984;13875573961401565184;13786610441553237246;13845192228185571328;13821113911379755008;13877590103875911680;13786077468684835619;13847120196055072768;13817603170752266240;13876475694080327680;13788254114679739122;13847271207105200128;13820098100074643456;13877972221747527680;13786609737865795469;13845303811435921408;13820711765001895936;13877804181152071680;13787379571927099114;13845789829935136768;13819317996574736384;13879433852805447680;13787965884303587410;13844904894873468928;13817377083673804800;13879372649521479680;13785890850775276454;13845090050913599488;13819078303039881216;13877231339888967680;13786019907052098290;13847020338065440768;13817284862136025088;13879722957791559680;13787610381408001852;13844211171755819008;13818320327211483136;13876628165419335680;13788075518807016211;13845597329500930048;13820031717060116480;13876684134211911680;13789632497640691204;13845862243083747328;13819688531993296896 weights=4607111445324444467;4595785760875793613;4596456462968736973;4593915491596946637;4603505871819060019;4600022289128777318;4602483545907553894;4605372567685116723;4598750154175440486;4600524216186857062;4603488279633015603;4602756829522637619;4601319163093739110;4597034806084947149;4607354602320927130;4607160923347694387;4598956312605648486;4607591547076712858;4602901140423783219;4603609500789977907;4594585094178262221;4606194177748972339;4605717814336238387;4607475960916842906;4606867903498892083;4603975363284120371;4603458043063251763;4606976205394228019;4595760472108354765;4605690051667637043;4600298816303162982;4606473178824520499;4601752920430896742;4605871471086220083;4602880249702855475;4605515779074634547;4604391803313140531;4600501676198487654;4594472943992229069;4602693332726133555;4602171284605265510;4606582305353577267;4602820876074955571;4593092836997044634;4607270352242448794;4601584145396033126;4603230444156302131;4598394462163854950;4605625730237412147;4607285333088377242;4603413237964419891;4602810155836584755;4598142014294117581;4605940465440863027;4605569930022302515;4599217446617245286;4607046574138405683;4600095956407838310;4607565571114506650;4604590265161954099;4605952285190861619;4600900798919370342;4607384701451737498;4594448754736417997;4605664762900198195;4607384426573830554;4600645712221726310;4603160625167938355;4603167222237705011;4599325198756767334;4602064631977371238;4607489292495329690;4602974257947030323;4602399983023842918;4603698286353920819;4604595487842186035;4594431162550373581;4603425332592325427;4605049586144457523;4594501531294551245;4602880249702855475;4600778753128687206;4603110872266781491;4607234480675592602;4604005599853884211;4605070751743292211;4602854136301695795;4606069932935033651;4603711755371361075;4602242752861070950;4604076243475968819;4600152581256668774;4601340603570480742;4602056385640162918;4605407202301391667;4601099260768183910;4597944102201117901;4604448428161970995;4597154652852374733;4599475831849772646;4602763426592404275;4601421967430936166;4606048767336198963;4601989315430868582;4605610062196716339;4596448766387342541;4603826379458556723;4599257029035845222;4607238741283150234;4598617663024293478;4607265267001170330;4605222759225832243;4598079342131334349;4605836836469945139;4604837655278203699;4600827681396123238;4604354694795703091;4605628204138574643;4602701029307527987;4599298810477700710;4602329614279665254;4600387876745012838;4601466497651861094;4605036666882831155;4603522639371383603;4592233018904123802;4604090262249222963;4606495443934982963;4599416458221872742;4594834683317767373;4597536183387213005;4604950080342143795;4606392914475692851;4606356630591976243;4607552102097066394;4605397031818834739;4597870434922056909;4604124347109684019;4607565708553460122;4603389598464422707;4605906105702495027;4607388412303481242;4607023209516315443;4601756768721593958;4600909595012392550;4601636372198352486;4598238881268524646;4603857440662041395;4604819788214252339;4595681307271154893;4603766456074842931;4599310355349792358;4604842328202621747;4605608687807181619;4599706179535791718;4601175676826314342;4593488661183043994;4599161371524228710;4606303854033842995;4607373706335459738;4597192036247719117;4595702197992082637;4600993707651917414;4593880307224857805;4594610382945701069;4605689776789730099;4607548391245322650;4600227897803171430;4596526831712914637;4605745302126932787;4598970056500995686;4605793405760647987;4606770046964020019;4599691885884630630;4603505596941153075;4603461066720228147;4606431397382665011;4603817308487627571;4606892092754703155;4599578086431155814;4596581807294303437;4605965754208301875;4607211528370362778;4604770035313095475;4607552239536019866;4607259082248264090;4607454795318008218;4602294429907576422;4605367345004884787;4606780767202390835;4593136817462155674;4598829868768454246;4604044082760856371;4606544372202418995;4602796411941237555;4600906846233323110;4603981960353887027;4596391591782698189;4594367390875962573;4603400318702793523 note=reference-weighted-PercentileDevice-non-idempotent-on-gfx1100-APU-capture-on-Kaggle-nvcc
PCTL name=n200_a90 weighted=0 n=200 alpha=4606281698874543309 values=13879375333876039680;13787826131977650569;13844256397761445888;13819641527871209472;13878506945175879680;13788389363406048592;13845123293960470528;13819393725438099456;13876952569667911680;13786010055427913417;13844514224648224768;13818648393993420800;13879022207033671680;13789549181047584850;13847524781974355968;13817802594673754112;13879583908225351680;13789090799048011547;13844916877832224768;13820388096266469376;13875763132162375680;13787952936454658720;13844668972319899648;13820702968908873728;13876993506074951680;13786853495195626898;13847056158092689408;13821281724341944320;13878232604139847680;13789404502909555573;13847700918583164928;13817149347327901696;13875430079997149184;13787430518897883742;13847485225325559808;13818920523121295360;13879826976530759680;13786062269036093243;13843917198424276992;13820165582600798208;13876626689024327680;13790115227225749979;13846690742275145728;13817131892580810752;13875978820051271680;13789296838730963747;13844107963691696128;13817768097496432640;13877549033251143680;13786404120395308335;13845398386615779328;13817535550787158016;13877900415263047680;13788762317750190211;13844344530490359808;13818565380865523712;13876145250033991680;13787311877195200201;13845101131929223168;13820106483850805248;13877948733645127680;13789866684821314470;13844135923928793088;13820794915568746496;13875891981181255680;13787985587551957156;13844363986692210688;13819234021374164992;13876564411998535680;13786677714072671093;13846587276512985088;13817390140374384640;13877629027017031680;13786262538482022875;13847796911102230528;13817795585287127040;13878422388007239680;13790095805452356944;13846334474737942528;13819061810365464576;13875710921466183680;13787951388342286811;13845471444009484288;13818712715423645696;13879788590260551680;13787294425746644140;13846960423271661568;13818831187801538560;13876148605477191680;13788961883508678066;13847225594552516608;13821010419847790592;13877864847565127680;13787675542865110368;13844635085027934208;13819615689347956736;13879566996791623680;13789716517921239335;13845192357034590208;13820379712490307584;13875737228140871680;13787290203621993480;13845530972256206848;13821279937635549184;13877357101900103680;13786503058849622131;13843700216676483072;13818748312112594944;13878527614705991680;13787492865605225153;13845240288869613568;13821199673286721536;13878613514051911680;13785887050863090860;13843584252559491072;13820339442876940288;13876351274246471680;13786368654548242793;13846191967723061248;13819327892179386368;13875410215773405184;13786840547346698207;13846312956951789568;13818724397734690816;13875652939407687680;13788532634169194316;13845512289148469248;13818757383083524096;13878984894505287680;13785930960959457722;13845492575248580608;13819903623955480576;13877766331752775680;13787260226536973795;13843928537137938432;13817277302993584128;13879805099041095680;13787120192736060244;13845775785392078848;13820350712871124992;13879463917576519680;13788121117753243337;13846639331516612608;13821446376208203776;13879805904347463680;13788507019946313646;13845480334591787008;13821087523100688384;13877904844448071680;13786498273775018050;13846269405983408128;13820134383958360064;13879294400586055680;13787514257703455163;13845801941742911488;13819238969176489984;13875573961401565184;13786610441553237246;13845192228185571328;13821113911379755008;13877590103875911680;13786077468684835619;13847120196055072768;13817603170752266240;13876475694080327680;13788254114679739122;13847271207105200128;13820098100074643456;13877972221747527680;13786609737865795469;13845303811435921408;13820711765001895936;13877804181152071680;13787379571927099114;13845789829935136768;13819317996574736384;13879433852805447680;13787965884303587410;13844904894873468928;13817377083673804800;13879372649521479680;13785890850775276454;13845090050913599488;13819078303039881216;13877231339888967680;13786019907052098290;13847020338065440768;13817284862136025088;13879722957791559680;13787610381408001852;13844211171755819008;13818320327211483136;13876628165419335680;13788075518807016211;13845597329500930048;13820031717060116480;13876684134211911680;13789632497640691204;13845862243083747328;13819688531993296896 out=13877972221747527681
PCTL name=n200_a90 weighted=1 status=deferred_kaggle_nvcc n=200 alpha=4606281698874543309 values=13879375333876039680;13787826131977650569;13844256397761445888;13819641527871209472;13878506945175879680;13788389363406048592;13845123293960470528;13819393725438099456;13876952569667911680;13786010055427913417;13844514224648224768;13818648393993420800;13879022207033671680;13789549181047584850;13847524781974355968;13817802594673754112;13879583908225351680;13789090799048011547;13844916877832224768;13820388096266469376;13875763132162375680;13787952936454658720;13844668972319899648;13820702968908873728;13876993506074951680;13786853495195626898;13847056158092689408;13821281724341944320;13878232604139847680;13789404502909555573;13847700918583164928;13817149347327901696;13875430079997149184;13787430518897883742;13847485225325559808;13818920523121295360;13879826976530759680;13786062269036093243;13843917198424276992;13820165582600798208;13876626689024327680;13790115227225749979;13846690742275145728;13817131892580810752;13875978820051271680;13789296838730963747;13844107963691696128;13817768097496432640;13877549033251143680;13786404120395308335;13845398386615779328;13817535550787158016;13877900415263047680;13788762317750190211;13844344530490359808;13818565380865523712;13876145250033991680;13787311877195200201;13845101131929223168;13820106483850805248;13877948733645127680;13789866684821314470;13844135923928793088;13820794915568746496;13875891981181255680;13787985587551957156;13844363986692210688;13819234021374164992;13876564411998535680;13786677714072671093;13846587276512985088;13817390140374384640;13877629027017031680;13786262538482022875;13847796911102230528;13817795585287127040;13878422388007239680;13790095805452356944;13846334474737942528;13819061810365464576;13875710921466183680;13787951388342286811;13845471444009484288;13818712715423645696;13879788590260551680;13787294425746644140;13846960423271661568;13818831187801538560;13876148605477191680;13788961883508678066;13847225594552516608;13821010419847790592;13877864847565127680;13787675542865110368;13844635085027934208;13819615689347956736;13879566996791623680;13789716517921239335;13845192357034590208;13820379712490307584;13875737228140871680;13787290203621993480;13845530972256206848;13821279937635549184;13877357101900103680;13786503058849622131;13843700216676483072;13818748312112594944;13878527614705991680;13787492865605225153;13845240288869613568;13821199673286721536;13878613514051911680;13785887050863090860;13843584252559491072;13820339442876940288;13876351274246471680;13786368654548242793;13846191967723061248;13819327892179386368;13875410215773405184;13786840547346698207;13846312956951789568;13818724397734690816;13875652939407687680;13788532634169194316;13845512289148469248;13818757383083524096;13878984894505287680;13785930960959457722;13845492575248580608;13819903623955480576;13877766331752775680;13787260226536973795;13843928537137938432;13817277302993584128;13879805099041095680;13787120192736060244;13845775785392078848;13820350712871124992;13879463917576519680;13788121117753243337;13846639331516612608;13821446376208203776;13879805904347463680;13788507019946313646;13845480334591787008;13821087523100688384;13877904844448071680;13786498273775018050;13846269405983408128;13820134383958360064;13879294400586055680;13787514257703455163;13845801941742911488;13819238969176489984;13875573961401565184;13786610441553237246;13845192228185571328;13821113911379755008;13877590103875911680;13786077468684835619;13847120196055072768;13817603170752266240;13876475694080327680;13788254114679739122;13847271207105200128;13820098100074643456;13877972221747527680;13786609737865795469;13845303811435921408;13820711765001895936;13877804181152071680;13787379571927099114;13845789829935136768;13819317996574736384;13879433852805447680;13787965884303587410;13844904894873468928;13817377083673804800;13879372649521479680;13785890850775276454;13845090050913599488;13819078303039881216;13877231339888967680;13786019907052098290;13847020338065440768;13817284862136025088;13879722957791559680;13787610381408001852;13844211171755819008;13818320327211483136;13876628165419335680;13788075518807016211;13845597329500930048;13820031717060116480;13876684134211911680;13789632497640691204;13845862243083747328;13819688531993296896 weights=4607111445324444467;4595785760875793613;4596456462968736973;4593915491596946637;4603505871819060019;4600022289128777318;4602483545907553894;4605372567685116723;4598750154175440486;4600524216186857062;4603488279633015603;4602756829522637619;4601319163093739110;4597034806084947149;4607354602320927130;4607160923347694387;4598956312605648486;4607591547076712858;4602901140423783219;4603609500789977907;4594585094178262221;4606194177748972339;4605717814336238387;4607475960916842906;4606867903498892083;4603975363284120371;4603458043063251763;4606976205394228019;4595760472108354765;4605690051667637043;4600298816303162982;4606473178824520499;4601752920430896742;4605871471086220083;4602880249702855475;4605515779074634547;4604391803313140531;4600501676198487654;4594472943992229069;4602693332726133555;4602171284605265510;4606582305353577267;4602820876074955571;4593092836997044634;4607270352242448794;4601584145396033126;4603230444156302131;4598394462163854950;4605625730237412147;4607285333088377242;4603413237964419891;4602810155836584755;4598142014294117581;4605940465440863027;4605569930022302515;4599217446617245286;4607046574138405683;4600095956407838310;4607565571114506650;4604590265161954099;4605952285190861619;4600900798919370342;4607384701451737498;4594448754736417997;4605664762900198195;4607384426573830554;4600645712221726310;4603160625167938355;4603167222237705011;4599325198756767334;4602064631977371238;4607489292495329690;4602974257947030323;4602399983023842918;4603698286353920819;4604595487842186035;4594431162550373581;4603425332592325427;4605049586144457523;4594501531294551245;4602880249702855475;4600778753128687206;4603110872266781491;4607234480675592602;4604005599853884211;4605070751743292211;4602854136301695795;4606069932935033651;4603711755371361075;4602242752861070950;4604076243475968819;4600152581256668774;4601340603570480742;4602056385640162918;4605407202301391667;4601099260768183910;4597944102201117901;4604448428161970995;4597154652852374733;4599475831849772646;4602763426592404275;4601421967430936166;4606048767336198963;4601989315430868582;4605610062196716339;4596448766387342541;4603826379458556723;4599257029035845222;4607238741283150234;4598617663024293478;4607265267001170330;4605222759225832243;4598079342131334349;4605836836469945139;4604837655278203699;4600827681396123238;4604354694795703091;4605628204138574643;4602701029307527987;4599298810477700710;4602329614279665254;4600387876745012838;4601466497651861094;4605036666882831155;4603522639371383603;4592233018904123802;4604090262249222963;4606495443934982963;4599416458221872742;4594834683317767373;4597536183387213005;4604950080342143795;4606392914475692851;4606356630591976243;4607552102097066394;4605397031818834739;4597870434922056909;4604124347109684019;4607565708553460122;4603389598464422707;4605906105702495027;4607388412303481242;4607023209516315443;4601756768721593958;4600909595012392550;4601636372198352486;4598238881268524646;4603857440662041395;4604819788214252339;4595681307271154893;4603766456074842931;4599310355349792358;4604842328202621747;4605608687807181619;4599706179535791718;4601175676826314342;4593488661183043994;4599161371524228710;4606303854033842995;4607373706335459738;4597192036247719117;4595702197992082637;4600993707651917414;4593880307224857805;4594610382945701069;4605689776789730099;4607548391245322650;4600227897803171430;4596526831712914637;4605745302126932787;4598970056500995686;4605793405760647987;4606770046964020019;4599691885884630630;4603505596941153075;4603461066720228147;4606431397382665011;4603817308487627571;4606892092754703155;4599578086431155814;4596581807294303437;4605965754208301875;4607211528370362778;4604770035313095475;4607552239536019866;4607259082248264090;4607454795318008218;4602294429907576422;4605367345004884787;4606780767202390835;4593136817462155674;4598829868768454246;4604044082760856371;4606544372202418995;4602796411941237555;4600906846233323110;4603981960353887027;4596391591782698189;4594367390875962573;4603400318702793523 note=reference-weighted-PercentileDevice-non-idempotent-on-gfx1100-APU-capture-on-Kaggle-nvcc
PCTL name=n200_a10 weighted=0 n=200 alpha=4591870180066957722 values=13879375333876039680;13787826131977650569;13844256397761445888;13819641527871209472;13878506945175879680;13788389363406048592;13845123293960470528;13819393725438099456;13876952569667911680;13786010055427913417;13844514224648224768;13818648393993420800;13879022207033671680;13789549181047584850;13847524781974355968;13817802594673754112;13879583908225351680;13789090799048011547;13844916877832224768;13820388096266469376;13875763132162375680;13787952936454658720;13844668972319899648;13820702968908873728;13876993506074951680;13786853495195626898;13847056158092689408;13821281724341944320;13878232604139847680;13789404502909555573;13847700918583164928;13817149347327901696;13875430079997149184;13787430518897883742;13847485225325559808;13818920523121295360;13879826976530759680;13786062269036093243;13843917198424276992;13820165582600798208;13876626689024327680;13790115227225749979;13846690742275145728;13817131892580810752;13875978820051271680;13789296838730963747;13844107963691696128;13817768097496432640;13877549033251143680;13786404120395308335;13845398386615779328;13817535550787158016;13877900415263047680;13788762317750190211;13844344530490359808;13818565380865523712;13876145250033991680;13787311877195200201;13845101131929223168;13820106483850805248;13877948733645127680;13789866684821314470;13844135923928793088;13820794915568746496;13875891981181255680;13787985587551957156;13844363986692210688;13819234021374164992;13876564411998535680;13786677714072671093;13846587276512985088;13817390140374384640;13877629027017031680;13786262538482022875;13847796911102230528;13817795585287127040;13878422388007239680;13790095805452356944;13846334474737942528;13819061810365464576;13875710921466183680;13787951388342286811;13845471444009484288;13818712715423645696;13879788590260551680;13787294425746644140;13846960423271661568;13818831187801538560;13876148605477191680;13788961883508678066;13847225594552516608;13821010419847790592;13877864847565127680;13787675542865110368;13844635085027934208;13819615689347956736;13879566996791623680;13789716517921239335;13845192357034590208;13820379712490307584;13875737228140871680;13787290203621993480;13845530972256206848;13821279937635549184;13877357101900103680;13786503058849622131;13843700216676483072;13818748312112594944;13878527614705991680;13787492865605225153;13845240288869613568;13821199673286721536;13878613514051911680;13785887050863090860;13843584252559491072;13820339442876940288;13876351274246471680;13786368654548242793;13846191967723061248;13819327892179386368;13875410215773405184;13786840547346698207;13846312956951789568;13818724397734690816;13875652939407687680;13788532634169194316;13845512289148469248;13818757383083524096;13878984894505287680;13785930960959457722;13845492575248580608;13819903623955480576;13877766331752775680;13787260226536973795;13843928537137938432;13817277302993584128;13879805099041095680;13787120192736060244;13845775785392078848;13820350712871124992;13879463917576519680;13788121117753243337;13846639331516612608;13821446376208203776;13879805904347463680;13788507019946313646;13845480334591787008;13821087523100688384;13877904844448071680;13786498273775018050;13846269405983408128;13820134383958360064;13879294400586055680;13787514257703455163;13845801941742911488;13819238969176489984;13875573961401565184;13786610441553237246;13845192228185571328;13821113911379755008;13877590103875911680;13786077468684835619;13847120196055072768;13817603170752266240;13876475694080327680;13788254114679739122;13847271207105200128;13820098100074643456;13877972221747527680;13786609737865795469;13845303811435921408;13820711765001895936;13877804181152071680;13787379571927099114;13845789829935136768;13819317996574736384;13879433852805447680;13787965884303587410;13844904894873468928;13817377083673804800;13879372649521479680;13785890850775276454;13845090050913599488;13819078303039881216;13877231339888967680;13786019907052098290;13847020338065440768;13817284862136025088;13879722957791559680;13787610381408001852;13844211171755819008;13818320327211483136;13876628165419335680;13788075518807016211;13845597329500930048;13820031717060116480;13876684134211911680;13789632497640691204;13845862243083747328;13819688531993296896 out=13787294425746644140
PCTL name=n200_a10 weighted=1 status=deferred_kaggle_nvcc n=200 alpha=4591870180066957722 values=13879375333876039680;13787826131977650569;13844256397761445888;13819641527871209472;13878506945175879680;13788389363406048592;13845123293960470528;13819393725438099456;13876952569667911680;13786010055427913417;13844514224648224768;13818648393993420800;13879022207033671680;13789549181047584850;13847524781974355968;13817802594673754112;13879583908225351680;13789090799048011547;13844916877832224768;13820388096266469376;13875763132162375680;13787952936454658720;13844668972319899648;13820702968908873728;13876993506074951680;13786853495195626898;13847056158092689408;13821281724341944320;13878232604139847680;13789404502909555573;13847700918583164928;13817149347327901696;13875430079997149184;13787430518897883742;13847485225325559808;13818920523121295360;13879826976530759680;13786062269036093243;13843917198424276992;13820165582600798208;13876626689024327680;13790115227225749979;13846690742275145728;13817131892580810752;13875978820051271680;13789296838730963747;13844107963691696128;13817768097496432640;13877549033251143680;13786404120395308335;13845398386615779328;13817535550787158016;13877900415263047680;13788762317750190211;13844344530490359808;13818565380865523712;13876145250033991680;13787311877195200201;13845101131929223168;13820106483850805248;13877948733645127680;13789866684821314470;13844135923928793088;13820794915568746496;13875891981181255680;13787985587551957156;13844363986692210688;13819234021374164992;13876564411998535680;13786677714072671093;13846587276512985088;13817390140374384640;13877629027017031680;13786262538482022875;13847796911102230528;13817795585287127040;13878422388007239680;13790095805452356944;13846334474737942528;13819061810365464576;13875710921466183680;13787951388342286811;13845471444009484288;13818712715423645696;13879788590260551680;13787294425746644140;13846960423271661568;13818831187801538560;13876148605477191680;13788961883508678066;13847225594552516608;13821010419847790592;13877864847565127680;13787675542865110368;13844635085027934208;13819615689347956736;13879566996791623680;13789716517921239335;13845192357034590208;13820379712490307584;13875737228140871680;13787290203621993480;13845530972256206848;13821279937635549184;13877357101900103680;13786503058849622131;13843700216676483072;13818748312112594944;13878527614705991680;13787492865605225153;13845240288869613568;13821199673286721536;13878613514051911680;13785887050863090860;13843584252559491072;13820339442876940288;13876351274246471680;13786368654548242793;13846191967723061248;13819327892179386368;13875410215773405184;13786840547346698207;13846312956951789568;13818724397734690816;13875652939407687680;13788532634169194316;13845512289148469248;13818757383083524096;13878984894505287680;13785930960959457722;13845492575248580608;13819903623955480576;13877766331752775680;13787260226536973795;13843928537137938432;13817277302993584128;13879805099041095680;13787120192736060244;13845775785392078848;13820350712871124992;13879463917576519680;13788121117753243337;13846639331516612608;13821446376208203776;13879805904347463680;13788507019946313646;13845480334591787008;13821087523100688384;13877904844448071680;13786498273775018050;13846269405983408128;13820134383958360064;13879294400586055680;13787514257703455163;13845801941742911488;13819238969176489984;13875573961401565184;13786610441553237246;13845192228185571328;13821113911379755008;13877590103875911680;13786077468684835619;13847120196055072768;13817603170752266240;13876475694080327680;13788254114679739122;13847271207105200128;13820098100074643456;13877972221747527680;13786609737865795469;13845303811435921408;13820711765001895936;13877804181152071680;13787379571927099114;13845789829935136768;13819317996574736384;13879433852805447680;13787965884303587410;13844904894873468928;13817377083673804800;13879372649521479680;13785890850775276454;13845090050913599488;13819078303039881216;13877231339888967680;13786019907052098290;13847020338065440768;13817284862136025088;13879722957791559680;13787610381408001852;13844211171755819008;13818320327211483136;13876628165419335680;13788075518807016211;13845597329500930048;13820031717060116480;13876684134211911680;13789632497640691204;13845862243083747328;13819688531993296896 weights=4607111445324444467;4595785760875793613;4596456462968736973;4593915491596946637;4603505871819060019;4600022289128777318;4602483545907553894;4605372567685116723;4598750154175440486;4600524216186857062;4603488279633015603;4602756829522637619;4601319163093739110;4597034806084947149;4607354602320927130;4607160923347694387;4598956312605648486;4607591547076712858;4602901140423783219;4603609500789977907;4594585094178262221;4606194177748972339;4605717814336238387;4607475960916842906;4606867903498892083;4603975363284120371;4603458043063251763;4606976205394228019;4595760472108354765;4605690051667637043;4600298816303162982;4606473178824520499;4601752920430896742;4605871471086220083;4602880249702855475;4605515779074634547;4604391803313140531;4600501676198487654;4594472943992229069;4602693332726133555;4602171284605265510;4606582305353577267;4602820876074955571;4593092836997044634;4607270352242448794;4601584145396033126;4603230444156302131;4598394462163854950;4605625730237412147;4607285333088377242;4603413237964419891;4602810155836584755;4598142014294117581;4605940465440863027;4605569930022302515;4599217446617245286;4607046574138405683;4600095956407838310;4607565571114506650;4604590265161954099;4605952285190861619;4600900798919370342;4607384701451737498;4594448754736417997;4605664762900198195;4607384426573830554;4600645712221726310;4603160625167938355;4603167222237705011;4599325198756767334;4602064631977371238;4607489292495329690;4602974257947030323;4602399983023842918;4603698286353920819;4604595487842186035;4594431162550373581;4603425332592325427;4605049586144457523;4594501531294551245;4602880249702855475;4600778753128687206;4603110872266781491;4607234480675592602;4604005599853884211;4605070751743292211;4602854136301695795;4606069932935033651;4603711755371361075;4602242752861070950;4604076243475968819;4600152581256668774;4601340603570480742;4602056385640162918;4605407202301391667;4601099260768183910;4597944102201117901;4604448428161970995;4597154652852374733;4599475831849772646;4602763426592404275;4601421967430936166;4606048767336198963;4601989315430868582;4605610062196716339;4596448766387342541;4603826379458556723;4599257029035845222;4607238741283150234;4598617663024293478;4607265267001170330;4605222759225832243;4598079342131334349;4605836836469945139;4604837655278203699;4600827681396123238;4604354694795703091;4605628204138574643;4602701029307527987;4599298810477700710;4602329614279665254;4600387876745012838;4601466497651861094;4605036666882831155;4603522639371383603;4592233018904123802;4604090262249222963;4606495443934982963;4599416458221872742;4594834683317767373;4597536183387213005;4604950080342143795;4606392914475692851;4606356630591976243;4607552102097066394;4605397031818834739;4597870434922056909;4604124347109684019;4607565708553460122;4603389598464422707;4605906105702495027;4607388412303481242;4607023209516315443;4601756768721593958;4600909595012392550;4601636372198352486;4598238881268524646;4603857440662041395;4604819788214252339;4595681307271154893;4603766456074842931;4599310355349792358;4604842328202621747;4605608687807181619;4599706179535791718;4601175676826314342;4593488661183043994;4599161371524228710;4606303854033842995;4607373706335459738;4597192036247719117;4595702197992082637;4600993707651917414;4593880307224857805;4594610382945701069;4605689776789730099;4607548391245322650;4600227897803171430;4596526831712914637;4605745302126932787;4598970056500995686;4605793405760647987;4606770046964020019;4599691885884630630;4603505596941153075;4603461066720228147;4606431397382665011;4603817308487627571;4606892092754703155;4599578086431155814;4596581807294303437;4605965754208301875;4607211528370362778;4604770035313095475;4607552239536019866;4607259082248264090;4607454795318008218;4602294429907576422;4605367345004884787;4606780767202390835;4593136817462155674;4598829868768454246;4604044082760856371;4606544372202418995;4602796411941237555;4600906846233323110;4603981960353887027;4596391591782698189;4594367390875962573;4603400318702793523 note=reference-weighted-PercentileDevice-non-idempotent-on-gfx1100-APU-capture-on-Kaggle-nvcc
