# LightGBM-rs device-primitive REDUCTION golden set (Phase 14, 14-02,
# ODL-01 / D-03). VERBATIM ShuffleReduceSum/Max/Min + dot-product
# (cuda_algorithms.hpp), commit 195c26fc / 4.6.0.99, gfx1100 warpSize 32.
# f64 -> raw u64 bits (bit-exact vs cpu f64 anchor where order matches);
# f32 -> raw u32 bits (compared ~1e-6 downstream, Pitfall 3). MASTER_SEED-
# derived inputs; idempotent (D-14).
MASTER_SEED 233250021
RED name=f64_n32 op=sum dtype=f64 n=32 in=13878922214826311680;13785708736465344660;13845237454191198208;13818485666272509952;13878061879189831680;13788501390446779433;13845813151607554048;13818123239752204288;13878715116872007680;13788313224424848360;13846336278624206848;13820609372981559296;13878894968627527680;13789630245840877519;13847257033713123328;13817493219589488640;13876788958257479680;13785903235674251723;13847815980757024768;13821362263568678912;13876273427964231680;13788532634169194316;13844212975642083328;13821246265091948544;13877585808908615680;13789560299309164921;13847304707850108928;13817397424638918656;13879539884810567680;13787196894667213898;13843593787386888192;13818351938170781696 out=13891659503978070147
RED name=f64_n32 op=max dtype=f64 n=32 in=13878922214826311680;13785708736465344660;13845237454191198208;13818485666272509952;13878061879189831680;13788501390446779433;13845813151607554048;13818123239752204288;13878715116872007680;13788313224424848360;13846336278624206848;13820609372981559296;13878894968627527680;13789630245840877519;13847257033713123328;13817493219589488640;13876788958257479680;13785903235674251723;13847815980757024768;13821362263568678912;13876273427964231680;13788532634169194316;13844212975642083328;13821246265091948544;13877585808908615680;13789560299309164921;13847304707850108928;13817397424638918656;13879539884810567680;13787196894667213898;13843593787386888192;13818351938170781696 out=0
RED name=f64_n32 op=min dtype=f64 n=32 in=13878922214826311680;13785708736465344660;13845237454191198208;13818485666272509952;13878061879189831680;13788501390446779433;13845813151607554048;13818123239752204288;13878715116872007680;13788313224424848360;13846336278624206848;13820609372981559296;13878894968627527680;13789630245840877519;13847257033713123328;13817493219589488640;13876788958257479680;13785903235674251723;13847815980757024768;13821362263568678912;13876273427964231680;13788532634169194316;13844212975642083328;13821246265091948544;13877585808908615680;13789560299309164921;13847304707850108928;13817397424638918656;13879539884810567680;13787196894667213898;13843593787386888192;13818351938170781696 out=13879539884810567680
RED name=f64_n32 op=dot dtype=f64 n=32 in=13878922214826311680;13785708736465344660;13845237454191198208;13818485666272509952;13878061879189831680;13788501390446779433;13845813151607554048;13818123239752204288;13878715116872007680;13788313224424848360;13846336278624206848;13820609372981559296;13878894968627527680;13789630245840877519;13847257033713123328;13817493219589488640;13876788958257479680;13785903235674251723;13847815980757024768;13821362263568678912;13876273427964231680;13788532634169194316;13844212975642083328;13821246265091948544;13877585808908615680;13789560299309164921;13847304707850108928;13817397424638918656;13879539884810567680;13787196894667213898;13843593787386888192;13818351938170781696 in2=13875695352209735680;13786559494582452617;13844715100268658688;13818289540885905408;13879663230902599680;13789457983155130598;13847359210985095168;13817738548121436160;13878394336502087680;13787063334790764692;13846993666318532608;13820076109842087936;13876176388546887680;13787739015472358621;13846464096850935808;13817330354429624320;13879808454484295680;13787804458404443849;13847538439970357248;13819331328153223168;13877726603305287680;13786685173159553925;13844854257209049088;13818121453045809152;13879054285070663680;13786497710825064628;13847836983147102208;13818232228842307584;13876235981218119680;13789906654268007383;13846148674452717568;13820235126711255040 out=4715912619199857298
RED name=f32_n32 op=sum dtype=f32 n=32 in=3298213336;3131761492;3240354560;3194329856;3301655586;3131186086;3241531280;3191283456;3301521586;3130200949;3242714480;3191397632;3303150336;3136574981;3239904080;3191202560;3304525586;3133764273;3243067280;3189190912;3298356336;3134899618;3241270400;3195027456;3303851836;3130477249;3243507200;3193665536;3297123336;3135903630;3237862752;3190208512 out=3326308316
RED name=f32_n32 op=max dtype=f32 n=32 in=3298213336;3131761492;3240354560;3194329856;3301655586;3131186086;3241531280;3191283456;3301521586;3130200949;3242714480;3191397632;3303150336;3136574981;3239904080;3191202560;3304525586;3133764273;3243067280;3189190912;3298356336;3134899618;3241270400;3195027456;3303851836;3130477249;3243507200;3193665536;3297123336;3135903630;3237862752;3190208512 out=0
RED name=f32_n32 op=min dtype=f32 n=32 in=3298213336;3131761492;3240354560;3194329856;3301655586;3131186086;3241531280;3191283456;3301521586;3130200949;3242714480;3191397632;3303150336;3136574981;3239904080;3191202560;3304525586;3133764273;3243067280;3189190912;3298356336;3134899618;3241270400;3195027456;3303851836;3130477249;3243507200;3193665536;3297123336;3135903630;3237862752;3190208512 out=3304525586
RED name=f32_n32 op=dot dtype=f32 n=32 in=3298213336;3131761492;3240354560;3194329856;3301655586;3131186086;3241531280;3191283456;3301521586;3130200949;3242714480;3191397632;3303150336;3136574981;3239904080;3191202560;3304525586;3133764273;3243067280;3189190912;3298356336;3134899618;3241270400;3195027456;3303851836;3130477249;3243507200;3193665536;3297123336;3135903630;3237862752;3190208512 in2=3302350336;3132742698;3242520320;3192902144;3299653836;3135589844;3242669360;3192982528;3301927586;3135465063;3243829280;3191709696;3297526336;3134474683;3242529920;3190701056;3304569586;3134302979;3241649600;3195896576;3299294586;3130070926;3239140880;3193211648;3296982836;3135334778;3245264480;3188153600;3298745086;3135142364;3241824080;3191961600 out=1267255660
RED name=f64_n96 op=sum dtype=f64 n=96 in=13877762842091847680;13786275204855974855;13845506619791638528;13817124745755230208;13877616142115143680;13789210144438136865;13847814949964873728;13820765091315843072;13877201275117895680;13787336224780685673;13844509199536488448;13820024295356628992;13879839727214919680;13789120916870519587;13847732615441809408;13819627921414815744;13876383083848007680;13787960817754006618;13847836338902007808;13818881215580602368;13877116046860615680;13786555272457801957;13845324942675017728;13821116660158824448;13876039620682055680;13787268670786275115;13847443091696386048;13818933579821875200;13879475057647943680;13789986733898881565;13846289248732315648;13818282394060324864;13875845407629639680;13788243559368112472;13846012481039761408;13820326661054267392;13878572846080327680;13786677151122717672;13846204337228873728;13819631357388652544;13879366878159175680;13789086436185872532;13844817792936706048;13818675881784115200;13879027709960519680;13789369459274955096;13847947406756282368;13818161722659176448;13877018470572359680;13788403577892372480;13844249697612464128;13819140150568943616;13876979681648967680;13786136156217479791;13845332931314188288;13818949110423617536;13877400320008519680;13785783045859196273;13844344530490359808;13818970963217219584;13878232469922119680;13787072201252531077;13844750791446888448;13817190991330803712;13877060078068039680;13786982832947425444;13845311671226073088;13817081864801746944;13876812849013063680;13787977987727585968;13844583803118419968;13821287771655897088;13878636331065671680;13786060720923721335;13843613372437757952;13819115961313132544;13877511183851847680;13789382970073837208;13844179732595212288;13817376808795897856;13878213276787015680;13789008608354812035;13846288475638202368;13819993646470004736;13878838194528583680;13787898189571688497;13844378546631344128;13819435506879954944;13879064754053447680;13786659840411649966;13843711555390144512;13817986350554546176;13877973161271623680;13786016670089866117;13843572656147791872;13820303708749037568 out=13898699817093475336
RED name=f64_n96 op=max dtype=f64 n=96 in=13877762842091847680;13786275204855974855;13845506619791638528;13817124745755230208;13877616142115143680;13789210144438136865;13847814949964873728;13820765091315843072;13877201275117895680;13787336224780685673;13844509199536488448;13820024295356628992;13879839727214919680;13789120916870519587;13847732615441809408;13819627921414815744;13876383083848007680;13787960817754006618;13847836338902007808;13818881215580602368;13877116046860615680;13786555272457801957;13845324942675017728;13821116660158824448;13876039620682055680;13787268670786275115;13847443091696386048;13818933579821875200;13879475057647943680;13789986733898881565;13846289248732315648;13818282394060324864;13875845407629639680;13788243559368112472;13846012481039761408;13820326661054267392;13878572846080327680;13786677151122717672;13846204337228873728;13819631357388652544;13879366878159175680;13789086436185872532;13844817792936706048;13818675881784115200;13879027709960519680;13789369459274955096;13847947406756282368;13818161722659176448;13877018470572359680;13788403577892372480;13844249697612464128;13819140150568943616;13876979681648967680;13786136156217479791;13845332931314188288;13818949110423617536;13877400320008519680;13785783045859196273;13844344530490359808;13818970963217219584;13878232469922119680;13787072201252531077;13844750791446888448;13817190991330803712;13877060078068039680;13786982832947425444;13845311671226073088;13817081864801746944;13876812849013063680;13787977987727585968;13844583803118419968;13821287771655897088;13878636331065671680;13786060720923721335;13843613372437757952;13819115961313132544;13877511183851847680;13789382970073837208;13844179732595212288;13817376808795897856;13878213276787015680;13789008608354812035;13846288475638202368;13819993646470004736;13878838194528583680;13787898189571688497;13844378546631344128;13819435506879954944;13879064754053447680;13786659840411649966;13843711555390144512;13817986350554546176;13877973161271623680;13786016670089866117;13843572656147791872;13820303708749037568 out=0
RED name=f64_n96 op=min dtype=f64 n=96 in=13877762842091847680;13786275204855974855;13845506619791638528;13817124745755230208;13877616142115143680;13789210144438136865;13847814949964873728;13820765091315843072;13877201275117895680;13787336224780685673;13844509199536488448;13820024295356628992;13879839727214919680;13789120916870519587;13847732615441809408;13819627921414815744;13876383083848007680;13787960817754006618;13847836338902007808;13818881215580602368;13877116046860615680;13786555272457801957;13845324942675017728;13821116660158824448;13876039620682055680;13787268670786275115;13847443091696386048;13818933579821875200;13879475057647943680;13789986733898881565;13846289248732315648;13818282394060324864;13875845407629639680;13788243559368112472;13846012481039761408;13820326661054267392;13878572846080327680;13786677151122717672;13846204337228873728;13819631357388652544;13879366878159175680;13789086436185872532;13844817792936706048;13818675881784115200;13879027709960519680;13789369459274955096;13847947406756282368;13818161722659176448;13877018470572359680;13788403577892372480;13844249697612464128;13819140150568943616;13876979681648967680;13786136156217479791;13845332931314188288;13818949110423617536;13877400320008519680;13785783045859196273;13844344530490359808;13818970963217219584;13878232469922119680;13787072201252531077;13844750791446888448;13817190991330803712;13877060078068039680;13786982832947425444;13845311671226073088;13817081864801746944;13876812849013063680;13787977987727585968;13844583803118419968;13821287771655897088;13878636331065671680;13786060720923721335;13843613372437757952;13819115961313132544;13877511183851847680;13789382970073837208;13844179732595212288;13817376808795897856;13878213276787015680;13789008608354812035;13846288475638202368;13819993646470004736;13878838194528583680;13787898189571688497;13844378546631344128;13819435506879954944;13879064754053447680;13786659840411649966;13843711555390144512;13817986350554546176;13877973161271623680;13786016670089866117;13843572656147791872;13820303708749037568 out=13879839727214919680
RED name=f64_n96 op=dot dtype=f64 n=96 in=13877762842091847680;13786275204855974855;13845506619791638528;13817124745755230208;13877616142115143680;13789210144438136865;13847814949964873728;13820765091315843072;13877201275117895680;13787336224780685673;13844509199536488448;13820024295356628992;13879839727214919680;13789120916870519587;13847732615441809408;13819627921414815744;13876383083848007680;13787960817754006618;13847836338902007808;13818881215580602368;13877116046860615680;13786555272457801957;13845324942675017728;13821116660158824448;13876039620682055680;13787268670786275115;13847443091696386048;13818933579821875200;13879475057647943680;13789986733898881565;13846289248732315648;13818282394060324864;13875845407629639680;13788243559368112472;13846012481039761408;13820326661054267392;13878572846080327680;13786677151122717672;13846204337228873728;13819631357388652544;13879366878159175680;13789086436185872532;13844817792936706048;13818675881784115200;13879027709960519680;13789369459274955096;13847947406756282368;13818161722659176448;13877018470572359680;13788403577892372480;13844249697612464128;13819140150568943616;13876979681648967680;13786136156217479791;13845332931314188288;13818949110423617536;13877400320008519680;13785783045859196273;13844344530490359808;13818970963217219584;13878232469922119680;13787072201252531077;13844750791446888448;13817190991330803712;13877060078068039680;13786982832947425444;13845311671226073088;13817081864801746944;13876812849013063680;13787977987727585968;13844583803118419968;13821287771655897088;13878636331065671680;13786060720923721335;13843613372437757952;13819115961313132544;13877511183851847680;13789382970073837208;13844179732595212288;13817376808795897856;13878213276787015680;13789008608354812035;13846288475638202368;13819993646470004736;13878838194528583680;13787898189571688497;13844378546631344128;13819435506879954944;13879064754053447680;13786659840411649966;13843711555390144512;13817986350554546176;13877973161271623680;13786016670089866117;13843572656147791872;13820303708749037568 in2=13879010127438151680;13787546345850800177;13847040953908461568;13819783914627006464;13875712129425735680;13788077770606829896;13847909525144731648;13819269205746253824;13879760136102215680;13786194421537658896;13847849223803895808;13818538717708550144;13877016725741895680;13787008587907794469;13843983169121943552;13818126538287087616;13878670288150855680;13786758638128475406;13845978464898777088;13821450224498900992;13878370848399687680;13787959128904146354;13844251243800690688;13817236346185449472;13878086575251783680;13789763664979838370;13844961330743738368;13818803562571890688;13877125442101575680;13785820482031098790;13847921894650544128;13820592467990282240;13877100074950983680;13788069467095016931;13844281523320127488;13820560444714123264;13876447374139719680;13788858722929713611;13846359986843680768;13818369530356826112;13876493276602695680;13785893665525043561;13844123554422980608;13820893321859432448;13877072023445831680;13787011121182584865;13844520667099168768;13819012194903261184;13879291447796039680;13790093624021287436;13845900897789411328;13821267155812876288;13877853975929159680;13789354541101189431;13844629544520122368;13818271811260907520;13878116640022855680;13788042164022275998;13844339118831566848;13817490745688326144;13876316243419463680;13787789399493189829;13846710456175034368;13817784590170849280;13877729153442119680;13788993690181046370;13844892138820599808;13818294076371369984;13877996380938567680;13789897787806240998;13844891236877467648;13821130953809985536;13877984167125319680;13788482250148363109;13847381888412418048;13818870495342231552;13879403519598919680;13787237849276325298;13844819467973951488;13820886999667572736;13878779675599175680;13786987758759517880;13846525686681960448;13819453099065999360;13877365020746055680;13788202041809047650;13847302646265806848;13817202261324988416;13876208466583879680;13785971915568569123;13845130380656508928;13821374770513444864;13878371787923783680;13786312218815412306;13844613051845705728;13818362933287059456 out=4722680018524264266
RED name=f32_n96 op=sum dtype=f32 n=96 in=3298048336;3134419108;3241934720;3190613504;3299605336;3134440604;3242255120;3191010304;3301188086;3129390400;3239557760;3194897152;3303335836;3133278782;3241946720;3189170688;3301279836;3129359991;3242000960;3189953024;3303409336;3132711240;3244823360;3193080064;3297509836;3129332466;3238088000;3188552448;3304044086;3132281324;3237560832;3188616192;3303479836;3131510621;3244490720;3193980672;3299810086;3134971446;3243921680;3190442496;3299080586;3129187763;3243796880;3192696832;3301230086;3131097220;3244885760;3192726784;3297050336;3133592306;3240543440;3188936192;3303034086;3133740418;3244758560;3195354624;3303039086;3132011578;3238607360;3188982272;3301568336;3136874874;3239590400;3188200960;3300249336;3131815232;3242187920;3193826560;3304010836;3133617472;3241975280;3194121728;3299611086;3135759189;3241061360;3191828736;3296533728;3134483858;3242710880;3194504704;3299846586;3134469702;3243020960;3193318912;3303142586;3134101128;3243238880;3189039104;3296649728;3133285860;3243403520;3189704192;3303836336;3129462490;3240900800;3188374784 out=3339747826
RED name=f32_n96 op=max dtype=f32 n=96 in=3298048336;3134419108;3241934720;3190613504;3299605336;3134440604;3242255120;3191010304;3301188086;3129390400;3239557760;3194897152;3303335836;3133278782;3241946720;3189170688;3301279836;3129359991;3242000960;3189953024;3303409336;3132711240;3244823360;3193080064;3297509836;3129332466;3238088000;3188552448;3304044086;3132281324;3237560832;3188616192;3303479836;3131510621;3244490720;3193980672;3299810086;3134971446;3243921680;3190442496;3299080586;3129187763;3243796880;3192696832;3301230086;3131097220;3244885760;3192726784;3297050336;3133592306;3240543440;3188936192;3303034086;3133740418;3244758560;3195354624;3303039086;3132011578;3238607360;3188982272;3301568336;3136874874;3239590400;3188200960;3300249336;3131815232;3242187920;3193826560;3304010836;3133617472;3241975280;3194121728;3299611086;3135759189;3241061360;3191828736;3296533728;3134483858;3242710880;3194504704;3299846586;3134469702;3243020960;3193318912;3303142586;3134101128;3243238880;3189039104;3296649728;3133285860;3243403520;3189704192;3303836336;3129462490;3240900800;3188374784 out=0
RED name=f32_n96 op=min dtype=f32 n=96 in=3298048336;3134419108;3241934720;3190613504;3299605336;3134440604;3242255120;3191010304;3301188086;3129390400;3239557760;3194897152;3303335836;3133278782;3241946720;3189170688;3301279836;3129359991;3242000960;3189953024;3303409336;3132711240;3244823360;3193080064;3297509836;3129332466;3238088000;3188552448;3304044086;3132281324;3237560832;3188616192;3303479836;3131510621;3244490720;3193980672;3299810086;3134971446;3243921680;3190442496;3299080586;3129187763;3243796880;3192696832;3301230086;3131097220;3244885760;3192726784;3297050336;3133592306;3240543440;3188936192;3303034086;3133740418;3244758560;3195354624;3303039086;3132011578;3238607360;3188982272;3301568336;3136874874;3239590400;3188200960;3300249336;3131815232;3242187920;3193826560;3304010836;3133617472;3241975280;3194121728;3299611086;3135759189;3241061360;3191828736;3296533728;3134483858;3242710880;3194504704;3299846586;3134469702;3243020960;3193318912;3303142586;3134101128;3243238880;3189039104;3296649728;3133285860;3243403520;3189704192;3303836336;3129462490;3240900800;3188374784 out=3304044086
RED name=f32_n96 op=dot dtype=f32 n=96 in=3298048336;3134419108;3241934720;3190613504;3299605336;3134440604;3242255120;3191010304;3301188086;3129390400;3239557760;3194897152;3303335836;3133278782;3241946720;3189170688;3301279836;3129359991;3242000960;3189953024;3303409336;3132711240;3244823360;3193080064;3297509836;3129332466;3238088000;3188552448;3304044086;3132281324;3237560832;3188616192;3303479836;3131510621;3244490720;3193980672;3299810086;3134971446;3243921680;3190442496;3299080586;3129187763;3243796880;3192696832;3301230086;3131097220;3244885760;3192726784;3297050336;3133592306;3240543440;3188936192;3303034086;3133740418;3244758560;3195354624;3303039086;3132011578;3238607360;3188982272;3301568336;3136874874;3239590400;3188200960;3300249336;3131815232;3242187920;3193826560;3304010836;3133617472;3241975280;3194121728;3299611086;3135759189;3241061360;3191828736;3296533728;3134483858;3242710880;3194504704;3299846586;3134469702;3243020960;3193318912;3303142586;3134101128;3243238880;3189039104;3296649728;3133285860;3243403520;3189704192;3303836336;3129462490;3240900800;3188374784 in2=3300276336;3136155288;3241800080;3188070656;3302111336;3129589892;3237564192;3190005248;3303435086;3129525928;3243040160;3195455488;3300938336;3130839008;3241704080;3187704832;3299060586;3134961484;3242444480;3194729728;3303879086;3135151801;3243597920;3189354496;3297539336;3132903654;3242538080;3195977728;3299728086;3133951706;3242096480;3192824320;3303193336;3132467446;3238304720;3195603456;3304495586;3134985077;3244509680;3195411456;3298921086;3129563415;3241761440;3194156032;3296896086;3137483703;3244215440;3194887936;3304564586;3133742253;3243621680;3188989952;3301291336;3133956949;3245236400;3190549504;3304206086;3134908531;3237737472;3192090112;3298603836;3135595349;3239629760;3192652800;3304536086;3130164249;3238475120;3189178368;3301067836;3131834893;3239927600;3189909504;3303108586;3133472506;3241049840;3191092736;3304101586;3133660726;3240798560;3192477696;3297558086;3133781574;3239563760;3192893696;3303715336;3131875263;3243623120;3191068160;3303006836;3130458637;3243054320;3191689728;3297535336;3132531147;3241748720;3191546624 out=1281269584
RED name=f64_n256 op=sum dtype=f64 n=256 in=13879463246487879680;13788423844090695647;13847904242334957568;13817051765670936576;13878537278382407680;13787281900110180516;13847857083594047488;13818732506632945664;13879693966762311680;13788529537944450499;13845566019189342208;13820238287807184896;13875792257409351680;13789519203962565165;13846033096882782208;13820788318498979840;13879657056887111680;13788097333117711286;13846717414022053888;13820373940054261760;13876816741327175680;13788530382369380631;13844149195377737728;13820198842827538432;13877747675488583680;13787256004412323136;13847403663896608768;13821430158411694080;13876109950771527680;13789185937590139749;13847771012449435648;13817756140307480576;13875702197313863680;13789997852160461636;13845953597038133248;13817781978830733312;13876185649570119680;13788979897907187548;13843737325193920512;13820699258057129984;13879148103262535680;13786309544803133555;13847730940404563968;13817288847865675776;13879325539098951680;13787828946727417676;13847951658773905408;13820760143513518080;13876163906298183680;13789641082627480879;13844550044675473408;13819339711929384960;13879333457944903680;13788649305547040883;13845160015930851328;13817244042766843904;13877410654773575680;13786754275266336391;13844759553180172288;13819919154557222912;13879676384239943680;13788709963404522029;13846006811682930688;13817592450513895424;13877100343386439680;13789027607915740005;13844214779528347648;13821177957932072960;13876443079172423680;13789431665244808151;13844520667099168768;13819932211257802752;13875478666814685184;13786915841902968308;13847916096444694528;13818485253955649536;13876484955103559680;13787740845059707241;13844139402852302848;13818141106816155648;13879655177838919680;13787419963586257093;13845204339993346048;13819005460394541056;13875976672567623680;13785869317939558089;13845571301999116288;13820426166856581120;13877205704302919680;13786993669734028804;13844065117097951232;13819743782452592640;13878557008388423680;13787318773332129612;13847323004410789888;13818360871702757376;13876863046443335680;13785954323382524707;13846324295665451008;13817115674784301056;13878287364972871680;13788213863758069498;13846226756958158848;13818973437118382080;13878001481212231680;13789060259013038441;13843840404409024512;13821021689841975296;13877793309516103680;13787102459812527473;13846413330337497088;13818288166496370688;13875639920288071680;13787640077018044826;13844928345394905088;13819380118981705728;13875619787628871680;13790082716865939898;13847172508756738048;13819902661882806272;13878584254587207680;13787838798351602549;13844207177436233728;13819223850891608064;13875565103031517184;13788624254274113634;13847703624412561408;13817536787737739264;13879190784500039680;13788136880351939134;13845363339682643968;13820240624269393920;13878497415717191680;13787209138828700811;13847642678826631168;13818113206708600832;13875905939824967680;13789149064368190653;13844227406732197888;13819840127158976512;13878379840987463680;13786066772635720614;13847591010370060288;13819802468885725184;13878214082093383680;13789589713444231185;13846302906728316928;13818220546531262464;13876141089284423680;13786059876498791203;13845420033250951168;13817089561383141376;13876401203241287680;13786848991595999527;13846183463687815168;13818931105920712704;13875763803251015680;13789320904841472508;13845243767793123328;13819351256801476608;13877289053512007680;13786793259550610817;13844968932835852288;13820428228440883200;13876050894971207680;13785994011354240909;13845280103216447488;13819893728350830592;13878396215550279680;13785893947000020271;13846571299234643968;13821142086365216768;13875556244661469184;13787092889663319310;13846822941368516608;13819033910257909760;13877284490109255680;13785639775096050549;13845576198261833728;13820039138763603968;13877618021163335680;13788183745935561458;13846325197608583168;13820158435775217664;13876506161504583680;13788500827496826012;13844658406700351488;13817185493772664832;13877543261888839680;13788408785179441627;13844371717633343488;13821279525318688768;13879756243788103680;13789282483507151504;13846666260961558528;13818813458176540672;13876522670285127680;13786450985978930659;13846206141115138048;13820101536048480256;13879227560157511680;13789536373936144515;13846704657969184768;13819869676533972992;13877697343840583680;13785721965789250060;13845370812925739008;13819087511449763840;13878151133978951680;13788913751287660544;13845329194692640768;13818089429769650176;13877928735203655680;13785715069652320649;13845344527725887488;13821518394219823104;13878151805067591680;13785741387562643096;13844852195624747008;13819062497560231936;13877144903672135680;13787193939179958436;13847404823537778688;13818545589656223744;13879797717066055680;13786822392210700370;13845647967165349888;13818782671850962944;13878890673660231680;13788156865075285590;13846932720732602368;13821278700684967936;13878752026747207680;13789564802908792292;13846680563202654208;13817720681057484800;13877682311455047680;13789024933903461253;13846607376959930368;13820816218606534656;13879517067796807680;13787170858231868162;13846031937241612288;13821387140019257344;13877150540816711680;13788607225038022640;13844267478777069568;13820333670440894464;13878391920582983680;13787659217316461150;13845651446088859648;13818378326449848320;13877395085517127680;13789288394481662427;13846104865786298368;13817632032932495360 out=13904681359743075221
RED name=f64_n256 op=max dtype=f64 n=256 in=13879463246487879680;13788423844090695647;13847904242334957568;13817051765670936576;13878537278382407680;13787281900110180516;13847857083594047488;13818732506632945664;13879693966762311680;13788529537944450499;13845566019189342208;13820238287807184896;13875792257409351680;13789519203962565165;13846033096882782208;13820788318498979840;13879657056887111680;13788097333117711286;13846717414022053888;13820373940054261760;13876816741327175680;13788530382369380631;13844149195377737728;13820198842827538432;13877747675488583680;13787256004412323136;13847403663896608768;13821430158411694080;13876109950771527680;13789185937590139749;13847771012449435648;13817756140307480576;13875702197313863680;13789997852160461636;13845953597038133248;13817781978830733312;13876185649570119680;13788979897907187548;13843737325193920512;13820699258057129984;13879148103262535680;13786309544803133555;13847730940404563968;13817288847865675776;13879325539098951680;13787828946727417676;13847951658773905408;13820760143513518080;13876163906298183680;13789641082627480879;13844550044675473408;13819339711929384960;13879333457944903680;13788649305547040883;13845160015930851328;13817244042766843904;13877410654773575680;13786754275266336391;13844759553180172288;13819919154557222912;13879676384239943680;13788709963404522029;13846006811682930688;13817592450513895424;13877100343386439680;13789027607915740005;13844214779528347648;13821177957932072960;13876443079172423680;13789431665244808151;13844520667099168768;13819932211257802752;13875478666814685184;13786915841902968308;13847916096444694528;13818485253955649536;13876484955103559680;13787740845059707241;13844139402852302848;13818141106816155648;13879655177838919680;13787419963586257093;13845204339993346048;13819005460394541056;13875976672567623680;13785869317939558089;13845571301999116288;13820426166856581120;13877205704302919680;13786993669734028804;13844065117097951232;13819743782452592640;13878557008388423680;13787318773332129612;13847323004410789888;13818360871702757376;13876863046443335680;13785954323382524707;13846324295665451008;13817115674784301056;13878287364972871680;13788213863758069498;13846226756958158848;13818973437118382080;13878001481212231680;13789060259013038441;13843840404409024512;13821021689841975296;13877793309516103680;13787102459812527473;13846413330337497088;13818288166496370688;13875639920288071680;13787640077018044826;13844928345394905088;13819380118981705728;13875619787628871680;13790082716865939898;13847172508756738048;13819902661882806272;13878584254587207680;13787838798351602549;13844207177436233728;13819223850891608064;13875565103031517184;13788624254274113634;13847703624412561408;13817536787737739264;13879190784500039680;13788136880351939134;13845363339682643968;13820240624269393920;13878497415717191680;13787209138828700811;13847642678826631168;13818113206708600832;13875905939824967680;13789149064368190653;13844227406732197888;13819840127158976512;13878379840987463680;13786066772635720614;13847591010370060288;13819802468885725184;13878214082093383680;13789589713444231185;13846302906728316928;13818220546531262464;13876141089284423680;13786059876498791203;13845420033250951168;13817089561383141376;13876401203241287680;13786848991595999527;13846183463687815168;13818931105920712704;13875763803251015680;13789320904841472508;13845243767793123328;13819351256801476608;13877289053512007680;13786793259550610817;13844968932835852288;13820428228440883200;13876050894971207680;13785994011354240909;13845280103216447488;13819893728350830592;13878396215550279680;13785893947000020271;13846571299234643968;13821142086365216768;13875556244661469184;13787092889663319310;13846822941368516608;13819033910257909760;13877284490109255680;13785639775096050549;13845576198261833728;13820039138763603968;13877618021163335680;13788183745935561458;13846325197608583168;13820158435775217664;13876506161504583680;13788500827496826012;13844658406700351488;13817185493772664832;13877543261888839680;13788408785179441627;13844371717633343488;13821279525318688768;13879756243788103680;13789282483507151504;13846666260961558528;13818813458176540672;13876522670285127680;13786450985978930659;13846206141115138048;13820101536048480256;13879227560157511680;13789536373936144515;13846704657969184768;13819869676533972992;13877697343840583680;13785721965789250060;13845370812925739008;13819087511449763840;13878151133978951680;13788913751287660544;13845329194692640768;13818089429769650176;13877928735203655680;13785715069652320649;13845344527725887488;13821518394219823104;13878151805067591680;13785741387562643096;13844852195624747008;13819062497560231936;13877144903672135680;13787193939179958436;13847404823537778688;13818545589656223744;13879797717066055680;13786822392210700370;13845647967165349888;13818782671850962944;13878890673660231680;13788156865075285590;13846932720732602368;13821278700684967936;13878752026747207680;13789564802908792292;13846680563202654208;13817720681057484800;13877682311455047680;13789024933903461253;13846607376959930368;13820816218606534656;13879517067796807680;13787170858231868162;13846031937241612288;13821387140019257344;13877150540816711680;13788607225038022640;13844267478777069568;13820333670440894464;13878391920582983680;13787659217316461150;13845651446088859648;13818378326449848320;13877395085517127680;13789288394481662427;13846104865786298368;13817632032932495360 out=0
RED name=f64_n256 op=min dtype=f64 n=256 in=13879463246487879680;13788423844090695647;13847904242334957568;13817051765670936576;13878537278382407680;13787281900110180516;13847857083594047488;13818732506632945664;13879693966762311680;13788529537944450499;13845566019189342208;13820238287807184896;13875792257409351680;13789519203962565165;13846033096882782208;13820788318498979840;13879657056887111680;13788097333117711286;13846717414022053888;13820373940054261760;13876816741327175680;13788530382369380631;13844149195377737728;13820198842827538432;13877747675488583680;13787256004412323136;13847403663896608768;13821430158411694080;13876109950771527680;13789185937590139749;13847771012449435648;13817756140307480576;13875702197313863680;13789997852160461636;13845953597038133248;13817781978830733312;13876185649570119680;13788979897907187548;13843737325193920512;13820699258057129984;13879148103262535680;13786309544803133555;13847730940404563968;13817288847865675776;13879325539098951680;13787828946727417676;13847951658773905408;13820760143513518080;13876163906298183680;13789641082627480879;13844550044675473408;13819339711929384960;13879333457944903680;13788649305547040883;13845160015930851328;13817244042766843904;13877410654773575680;13786754275266336391;13844759553180172288;13819919154557222912;13879676384239943680;13788709963404522029;13846006811682930688;13817592450513895424;13877100343386439680;13789027607915740005;13844214779528347648;13821177957932072960;13876443079172423680;13789431665244808151;13844520667099168768;13819932211257802752;13875478666814685184;13786915841902968308;13847916096444694528;13818485253955649536;13876484955103559680;13787740845059707241;13844139402852302848;13818141106816155648;13879655177838919680;13787419963586257093;13845204339993346048;13819005460394541056;13875976672567623680;13785869317939558089;13845571301999116288;13820426166856581120;13877205704302919680;13786993669734028804;13844065117097951232;13819743782452592640;13878557008388423680;13787318773332129612;13847323004410789888;13818360871702757376;13876863046443335680;13785954323382524707;13846324295665451008;13817115674784301056;13878287364972871680;13788213863758069498;13846226756958158848;13818973437118382080;13878001481212231680;13789060259013038441;13843840404409024512;13821021689841975296;13877793309516103680;13787102459812527473;13846413330337497088;13818288166496370688;13875639920288071680;13787640077018044826;13844928345394905088;13819380118981705728;13875619787628871680;13790082716865939898;13847172508756738048;13819902661882806272;13878584254587207680;13787838798351602549;13844207177436233728;13819223850891608064;13875565103031517184;13788624254274113634;13847703624412561408;13817536787737739264;13879190784500039680;13788136880351939134;13845363339682643968;13820240624269393920;13878497415717191680;13787209138828700811;13847642678826631168;13818113206708600832;13875905939824967680;13789149064368190653;13844227406732197888;13819840127158976512;13878379840987463680;13786066772635720614;13847591010370060288;13819802468885725184;13878214082093383680;13789589713444231185;13846302906728316928;13818220546531262464;13876141089284423680;13786059876498791203;13845420033250951168;13817089561383141376;13876401203241287680;13786848991595999527;13846183463687815168;13818931105920712704;13875763803251015680;13789320904841472508;13845243767793123328;13819351256801476608;13877289053512007680;13786793259550610817;13844968932835852288;13820428228440883200;13876050894971207680;13785994011354240909;13845280103216447488;13819893728350830592;13878396215550279680;13785893947000020271;13846571299234643968;13821142086365216768;13875556244661469184;13787092889663319310;13846822941368516608;13819033910257909760;13877284490109255680;13785639775096050549;13845576198261833728;13820039138763603968;13877618021163335680;13788183745935561458;13846325197608583168;13820158435775217664;13876506161504583680;13788500827496826012;13844658406700351488;13817185493772664832;13877543261888839680;13788408785179441627;13844371717633343488;13821279525318688768;13879756243788103680;13789282483507151504;13846666260961558528;13818813458176540672;13876522670285127680;13786450985978930659;13846206141115138048;13820101536048480256;13879227560157511680;13789536373936144515;13846704657969184768;13819869676533972992;13877697343840583680;13785721965789250060;13845370812925739008;13819087511449763840;13878151133978951680;13788913751287660544;13845329194692640768;13818089429769650176;13877928735203655680;13785715069652320649;13845344527725887488;13821518394219823104;13878151805067591680;13785741387562643096;13844852195624747008;13819062497560231936;13877144903672135680;13787193939179958436;13847404823537778688;13818545589656223744;13879797717066055680;13786822392210700370;13845647967165349888;13818782671850962944;13878890673660231680;13788156865075285590;13846932720732602368;13821278700684967936;13878752026747207680;13789564802908792292;13846680563202654208;13817720681057484800;13877682311455047680;13789024933903461253;13846607376959930368;13820816218606534656;13879517067796807680;13787170858231868162;13846031937241612288;13821387140019257344;13877150540816711680;13788607225038022640;13844267478777069568;13820333670440894464;13878391920582983680;13787659217316461150;13845651446088859648;13818378326449848320;13877395085517127680;13789288394481662427;13846104865786298368;13817632032932495360 out=13879797717066055680
RED name=f64_n256 op=dot dtype=f64 n=256 in=13879463246487879680;13788423844090695647;13847904242334957568;13817051765670936576;13878537278382407680;13787281900110180516;13847857083594047488;13818732506632945664;13879693966762311680;13788529537944450499;13845566019189342208;13820238287807184896;13875792257409351680;13789519203962565165;13846033096882782208;13820788318498979840;13879657056887111680;13788097333117711286;13846717414022053888;13820373940054261760;13876816741327175680;13788530382369380631;13844149195377737728;13820198842827538432;13877747675488583680;13787256004412323136;13847403663896608768;13821430158411694080;13876109950771527680;13789185937590139749;13847771012449435648;13817756140307480576;13875702197313863680;13789997852160461636;13845953597038133248;13817781978830733312;13876185649570119680;13788979897907187548;13843737325193920512;13820699258057129984;13879148103262535680;13786309544803133555;13847730940404563968;13817288847865675776;13879325539098951680;13787828946727417676;13847951658773905408;13820760143513518080;13876163906298183680;13789641082627480879;13844550044675473408;13819339711929384960;13879333457944903680;13788649305547040883;13845160015930851328;13817244042766843904;13877410654773575680;13786754275266336391;13844759553180172288;13819919154557222912;13879676384239943680;13788709963404522029;13846006811682930688;13817592450513895424;13877100343386439680;13789027607915740005;13844214779528347648;13821177957932072960;13876443079172423680;13789431665244808151;13844520667099168768;13819932211257802752;13875478666814685184;13786915841902968308;13847916096444694528;13818485253955649536;13876484955103559680;13787740845059707241;13844139402852302848;13818141106816155648;13879655177838919680;13787419963586257093;13845204339993346048;13819005460394541056;13875976672567623680;13785869317939558089;13845571301999116288;13820426166856581120;13877205704302919680;13786993669734028804;13844065117097951232;13819743782452592640;13878557008388423680;13787318773332129612;13847323004410789888;13818360871702757376;13876863046443335680;13785954323382524707;13846324295665451008;13817115674784301056;13878287364972871680;13788213863758069498;13846226756958158848;13818973437118382080;13878001481212231680;13789060259013038441;13843840404409024512;13821021689841975296;13877793309516103680;13787102459812527473;13846413330337497088;13818288166496370688;13875639920288071680;13787640077018044826;13844928345394905088;13819380118981705728;13875619787628871680;13790082716865939898;13847172508756738048;13819902661882806272;13878584254587207680;13787838798351602549;13844207177436233728;13819223850891608064;13875565103031517184;13788624254274113634;13847703624412561408;13817536787737739264;13879190784500039680;13788136880351939134;13845363339682643968;13820240624269393920;13878497415717191680;13787209138828700811;13847642678826631168;13818113206708600832;13875905939824967680;13789149064368190653;13844227406732197888;13819840127158976512;13878379840987463680;13786066772635720614;13847591010370060288;13819802468885725184;13878214082093383680;13789589713444231185;13846302906728316928;13818220546531262464;13876141089284423680;13786059876498791203;13845420033250951168;13817089561383141376;13876401203241287680;13786848991595999527;13846183463687815168;13818931105920712704;13875763803251015680;13789320904841472508;13845243767793123328;13819351256801476608;13877289053512007680;13786793259550610817;13844968932835852288;13820428228440883200;13876050894971207680;13785994011354240909;13845280103216447488;13819893728350830592;13878396215550279680;13785893947000020271;13846571299234643968;13821142086365216768;13875556244661469184;13787092889663319310;13846822941368516608;13819033910257909760;13877284490109255680;13785639775096050549;13845576198261833728;13820039138763603968;13877618021163335680;13788183745935561458;13846325197608583168;13820158435775217664;13876506161504583680;13788500827496826012;13844658406700351488;13817185493772664832;13877543261888839680;13788408785179441627;13844371717633343488;13821279525318688768;13879756243788103680;13789282483507151504;13846666260961558528;13818813458176540672;13876522670285127680;13786450985978930659;13846206141115138048;13820101536048480256;13879227560157511680;13789536373936144515;13846704657969184768;13819869676533972992;13877697343840583680;13785721965789250060;13845370812925739008;13819087511449763840;13878151133978951680;13788913751287660544;13845329194692640768;13818089429769650176;13877928735203655680;13785715069652320649;13845344527725887488;13821518394219823104;13878151805067591680;13785741387562643096;13844852195624747008;13819062497560231936;13877144903672135680;13787193939179958436;13847404823537778688;13818545589656223744;13879797717066055680;13786822392210700370;13845647967165349888;13818782671850962944;13878890673660231680;13788156865075285590;13846932720732602368;13821278700684967936;13878752026747207680;13789564802908792292;13846680563202654208;13817720681057484800;13877682311455047680;13789024933903461253;13846607376959930368;13820816218606534656;13879517067796807680;13787170858231868162;13846031937241612288;13821387140019257344;13877150540816711680;13788607225038022640;13844267478777069568;13820333670440894464;13878391920582983680;13787659217316461150;13845651446088859648;13818378326449848320;13877395085517127680;13789288394481662427;13846104865786298368;13817632032932495360 in2=13877215904850247680;13786771867452380807;13847661619632406528;13821470702902968320;13875480545862877184;13788382326531630826;13846082574906032128;13819212031141609472;13879520825893191680;13786997188171237687;13846441548272631808;13818644270824816640;13879453985464647680;13787931403618940355;13847572327262322688;13818318128188227584;13877886053966151680;13788923039961891996;13846043533653311488;13818682341414928384;13877559770669383680;13786060157973767914;13846994310563627008;13818020435415007232;13876479049523527680;13787201539004329624;13843598425951567872;13820208326115328000;13878920738431303680;13786774541464659559;13847011189785100288;13818266313702768640;13878410442629447680;13789572261995675124;13847899603770277888;13821256573013458944;13878629083308359680;13786704031982993539;13844389627646967808;13820946923051286528;13877488098402631680;13789768731529419162;13843572140751716352;13819834767039791104;13875942715482439680;13789512026350659044;13847416162251440128;13821453523033784320;13876359058874695680;13786541057971478069;13845833896299593728;13818990891865473024;13879233868390727680;13788027105111021978;13846870486656483328;13818246659932422144;13878262937346375680;13788844930655854789;13846724500718092288;13818368980601012224;13875751992090951680;13787876234523505066;13846107958162751488;13817923678391762944;13878785581179207680;13788747540313912902;13847887491962503168;13819275253060206592;13876154108404039680;13789616172092041986;13844698865292279808;13817766723106897920;13879603235578183680;13789673733724779315;13847198536258551808;13820737878403055616;13879870194639175680;13789308379205008884;13847400571520155648;13819816625097932800;13875838159872327680;13788536715556356620;13847984128726663168;13820069925089181696;13875652939407687680;13788319839086801060;13847796395706155008;13817925052781297664;13878598213230919680;13790085320509474472;13846882856162295808;13817935498141761536;13877311870525767680;13789287831531709006;13845712262825771008;13820835322621067264;13875944728748359680;13789350600451515482;13847039923116310528;13818913101417807872;13875884464988487680;13787472036456948564;13847744340702527488;13821220701446602752;13877422197498183680;13790029166251620696;13845968156977266688;13818547788679479296;13879768860254535680;13789779286841045811;13846676182336012288;13818764392470151168;13879424054911303680;13787281055685250384;13844520022854074368;13817424362673799168;13875690386153799680;13787668365253204247;13847339368236187648;13820723447312941056;13878936710340935680;13786365558323498975;13847415775704383488;13817227824970334208;13877630369194311680;13790009251897018417;13846030262204366848;13819973030626983936;13878486409863495680;13789516952162751480;13846882340766220288;13821304814086127616;13878997108318535680;13786765956477869884;13847926662064242688;13818088055380115456;13877894241247559680;13787262056124322415;13844291702392619008;13817213668758126592;13879564446654791680;13786466185627673035;13846504813140901888;13821401708548325376;13879222862537031680;13786673914160485499;13846467060378370048;13817818675031310336;13877224494784839680;13789107687546614186;13845177797095456768;13819050815249186816;13878530835931463680;13788889966652128494;13845098941495902208;13821321306760544256;13877334553321799680;13786735134967920067;13845157052403417088;13819567860592148480;13879616120480071680;13789687948211103204;13846829254970441728;13820829825062928384;13875673608937799680;13787074453052344762;13845979753388965888;13819918329923502080;13876973507633479680;13789286705631802163;13844222768167518208;13818433439470190592;13876585349964103680;13786439726979862233;13846036962353348608;13819574595100868608;13878335549137223680;13788309846725127832;13845850775521067008;13821261658254737408;13875934662418759680;13788755984563214221;13847323390957846528;13821078727007666176;13878832557384007680;13788363326970702856;13847263476164067328;13819528690490408960;13879250511388999680;13787688912926504125;13847520916503789568;13817095196380233728;13879136157884743680;13787999239088327623;13844184113461854208;13818622692909121536;13875886880907591680;13785668344806186680;13844748601013567488;13817994459452801024;13877211341447495680;13787904522758664487;13845703629941506048;13817149209888948224;13879155216802119680;13789853174022432359;13846534319566225408;13820891672591990784;13877663789408583680;13786865598619625456;13845252529526407168;13821006434118139904;13878495134015815680;13789648400976875356;13845010164521893888;13819216291749167104;13879094550389063680;13786956515037102998;13846462808360747008;13821429058900066304;13879607396327751680;13789564943646280647;13846994954808721408;13821289420923338752;13879047976837447680;13789503722838846079;13846805804449005568;13818069913438257152;13878614856229191680;13786736120130338554;13844967257798606848;13819362114478800896;13878959795790151680;13786439164029908812;13846565243330756608;13819562363034009600;13875806484488519680;13789941838640096215;13847147512047075328;13817198962790105088;13875910771663175680;13788546848655518204;13845142363615264768;13817062073592446976;13876187125965127680;13787903256121269289;13844249697612464128;13817131342824996864;13876370198946119680;13789145827405958480;13845805807213477888;13820838621155950592;13876833115889991680;13786751741991545995;13843505139261898752;13820619268586209280 out=4729120225683981240
RED name=f32_n256 op=sum dtype=f32 n=256 in=3303360586;3133061203;3244913600;3193747968;3297929336;3132731950;3240224960;3192819968;3297437336;3129677185;3243003680;3194322944;3303559836;3131448230;3239587760;3194311680;3301912086;3133630055;3237308832;3194474496;3296899086;3130882524;3239223200;3194562816;3302530836;3133347464;3242147120;3190065408;3297397836;3136886408;3238683920;3191902208;3299456086;3133045474;3242552240;3192639232;3298474086;3132980724;3242269760;3188280064;3300097836;3136620594;3238047680;3188523008;3301305836;3132968928;3244279760;3190315776;3303754336;3131544699;3241894880;3190210304;3299471836;3130472006;3237721152;3193569536;3302636086;3132888187;3243102320;3195464704;3304549836;3134360913;3239588240;3191979520;3299273086;3132854109;3238865120;3188369408;3297990586;3135471617;3243251360;3195687424;3299347836;3136211649;3243412400;3190707456;3297675836;3133447603;3244441280;3190144768;3304526586;3135600067;3241805120;3195900672;3301600336;3129224987;3241528160;3195881216;3297099086;3129782305;3238104320;3195225088;3297085836;3134694098;3244509920;3194054912;3298348086;3133308929;3240625520;3195635456;3302766836;3130826163;3244537040;3194611200;3304035836;3134641144;3239329520;3195649792;3304077836;3137402045;3238490240;3195388160;3301812336;3131585856;3238262000;3194785024;3303428586;3137090356;3237649632;3191552256;3296816086;3132368618;3240808160;3194605824;3296584228;3136023954;3238104320;3193426176;3304505086;3130937050;3242811200;3191385088;3298611086;3131140998;3243561920;3193980928;3302529586;3133804905;3241420400;3193929472;3303247336;3136715228;3244505600;3195052032;3297292086;3135356798;3243937760;3191073792;3301004586;3133952230;3241885760;3191609600;3300394836;3136100238;3245208080;3194671872;3304421086;3132192719;3240416240;3189585408;3296895586;3135150490;3244331360;3190314240;3300003086;3135627330;3241692800;3190142720;3303677336;3131304051;3237558912;3188708352;3298400836;3135779636;3245176400;3190725632;3296741586;3132702327;3243979040;3193171968;3302664586;3129759761;3241311200;3194496768;3302347336;3132135572;3241366400;3192293888;3301076586;3129928582;3243965600;3194607872;3299728086;3133886694;3240163520;3194536960;3300942836;3130611729;3244229120;3192025600;3304038586;3137481737;3244031840;3195731456;3296850086;3134942610;3242852720;3188192512;3301841086;3130886980;3243193520;3188513024;3304456336;3130166608;3243367760;3194462464;3301281586;3133108126;3239005760;3188537088;3304171586;3131663975;3245203760;3191208192;3300346336;3136557155;3244945280;3193583616;3299526586;3132485796;3244673120;3195976704;3304269836;3133185983;3240405440;3192995072;3301811086;3130194920;3243816800;3189042176;3301982336;3132880585;3242456720;3193890816;3298331836;3136531727;3243524240;3189950720;3299901586;3130176046;3243916880;3188660480;3302586586;3135536891;3244515200;3191461376 out=3351197983
RED name=f32_n256 op=max dtype=f32 n=256 in=3303360586;3133061203;3244913600;3193747968;3297929336;3132731950;3240224960;3192819968;3297437336;3129677185;3243003680;3194322944;3303559836;3131448230;3239587760;3194311680;3301912086;3133630055;3237308832;3194474496;3296899086;3130882524;3239223200;3194562816;3302530836;3133347464;3242147120;3190065408;3297397836;3136886408;3238683920;3191902208;3299456086;3133045474;3242552240;3192639232;3298474086;3132980724;3242269760;3188280064;3300097836;3136620594;3238047680;3188523008;3301305836;3132968928;3244279760;3190315776;3303754336;3131544699;3241894880;3190210304;3299471836;3130472006;3237721152;3193569536;3302636086;3132888187;3243102320;3195464704;3304549836;3134360913;3239588240;3191979520;3299273086;3132854109;3238865120;3188369408;3297990586;3135471617;3243251360;3195687424;3299347836;3136211649;3243412400;3190707456;3297675836;3133447603;3244441280;3190144768;3304526586;3135600067;3241805120;3195900672;3301600336;3129224987;3241528160;3195881216;3297099086;3129782305;3238104320;3195225088;3297085836;3134694098;3244509920;3194054912;3298348086;3133308929;3240625520;3195635456;3302766836;3130826163;3244537040;3194611200;3304035836;3134641144;3239329520;3195649792;3304077836;3137402045;3238490240;3195388160;3301812336;3131585856;3238262000;3194785024;3303428586;3137090356;3237649632;3191552256;3296816086;3132368618;3240808160;3194605824;3296584228;3136023954;3238104320;3193426176;3304505086;3130937050;3242811200;3191385088;3298611086;3131140998;3243561920;3193980928;3302529586;3133804905;3241420400;3193929472;3303247336;3136715228;3244505600;3195052032;3297292086;3135356798;3243937760;3191073792;3301004586;3133952230;3241885760;3191609600;3300394836;3136100238;3245208080;3194671872;3304421086;3132192719;3240416240;3189585408;3296895586;3135150490;3244331360;3190314240;3300003086;3135627330;3241692800;3190142720;3303677336;3131304051;3237558912;3188708352;3298400836;3135779636;3245176400;3190725632;3296741586;3132702327;3243979040;3193171968;3302664586;3129759761;3241311200;3194496768;3302347336;3132135572;3241366400;3192293888;3301076586;3129928582;3243965600;3194607872;3299728086;3133886694;3240163520;3194536960;3300942836;3130611729;3244229120;3192025600;3304038586;3137481737;3244031840;3195731456;3296850086;3134942610;3242852720;3188192512;3301841086;3130886980;3243193520;3188513024;3304456336;3130166608;3243367760;3194462464;3301281586;3133108126;3239005760;3188537088;3304171586;3131663975;3245203760;3191208192;3300346336;3136557155;3244945280;3193583616;3299526586;3132485796;3244673120;3195976704;3304269836;3133185983;3240405440;3192995072;3301811086;3130194920;3243816800;3189042176;3301982336;3132880585;3242456720;3193890816;3298331836;3136531727;3243524240;3189950720;3299901586;3130176046;3243916880;3188660480;3302586586;3135536891;3244515200;3191461376 out=0
RED name=f32_n256 op=min dtype=f32 n=256 in=3303360586;3133061203;3244913600;3193747968;3297929336;3132731950;3240224960;3192819968;3297437336;3129677185;3243003680;3194322944;3303559836;3131448230;3239587760;3194311680;3301912086;3133630055;3237308832;3194474496;3296899086;3130882524;3239223200;3194562816;3302530836;3133347464;3242147120;3190065408;3297397836;3136886408;3238683920;3191902208;3299456086;3133045474;3242552240;3192639232;3298474086;3132980724;3242269760;3188280064;3300097836;3136620594;3238047680;3188523008;3301305836;3132968928;3244279760;3190315776;3303754336;3131544699;3241894880;3190210304;3299471836;3130472006;3237721152;3193569536;3302636086;3132888187;3243102320;3195464704;3304549836;3134360913;3239588240;3191979520;3299273086;3132854109;3238865120;3188369408;3297990586;3135471617;3243251360;3195687424;3299347836;3136211649;3243412400;3190707456;3297675836;3133447603;3244441280;3190144768;3304526586;3135600067;3241805120;3195900672;3301600336;3129224987;3241528160;3195881216;3297099086;3129782305;3238104320;3195225088;3297085836;3134694098;3244509920;3194054912;3298348086;3133308929;3240625520;3195635456;3302766836;3130826163;3244537040;3194611200;3304035836;3134641144;3239329520;3195649792;3304077836;3137402045;3238490240;3195388160;3301812336;3131585856;3238262000;3194785024;3303428586;3137090356;3237649632;3191552256;3296816086;3132368618;3240808160;3194605824;3296584228;3136023954;3238104320;3193426176;3304505086;3130937050;3242811200;3191385088;3298611086;3131140998;3243561920;3193980928;3302529586;3133804905;3241420400;3193929472;3303247336;3136715228;3244505600;3195052032;3297292086;3135356798;3243937760;3191073792;3301004586;3133952230;3241885760;3191609600;3300394836;3136100238;3245208080;3194671872;3304421086;3132192719;3240416240;3189585408;3296895586;3135150490;3244331360;3190314240;3300003086;3135627330;3241692800;3190142720;3303677336;3131304051;3237558912;3188708352;3298400836;3135779636;3245176400;3190725632;3296741586;3132702327;3243979040;3193171968;3302664586;3129759761;3241311200;3194496768;3302347336;3132135572;3241366400;3192293888;3301076586;3129928582;3243965600;3194607872;3299728086;3133886694;3240163520;3194536960;3300942836;3130611729;3244229120;3192025600;3304038586;3137481737;3244031840;3195731456;3296850086;3134942610;3242852720;3188192512;3301841086;3130886980;3243193520;3188513024;3304456336;3130166608;3243367760;3194462464;3301281586;3133108126;3239005760;3188537088;3304171586;3131663975;3245203760;3191208192;3300346336;3136557155;3244945280;3193583616;3299526586;3132485796;3244673120;3195976704;3304269836;3133185983;3240405440;3192995072;3301811086;3130194920;3243816800;3189042176;3301982336;3132880585;3242456720;3193890816;3298331836;3136531727;3243524240;3189950720;3299901586;3130176046;3243916880;3188660480;3302586586;3135536891;3244515200;3191461376 out=3304549836
RED name=f32_n256 op=dot dtype=f32 n=256 in=3303360586;3133061203;3244913600;3193747968;3297929336;3132731950;3240224960;3192819968;3297437336;3129677185;3243003680;3194322944;3303559836;3131448230;3239587760;3194311680;3301912086;3133630055;3237308832;3194474496;3296899086;3130882524;3239223200;3194562816;3302530836;3133347464;3242147120;3190065408;3297397836;3136886408;3238683920;3191902208;3299456086;3133045474;3242552240;3192639232;3298474086;3132980724;3242269760;3188280064;3300097836;3136620594;3238047680;3188523008;3301305836;3132968928;3244279760;3190315776;3303754336;3131544699;3241894880;3190210304;3299471836;3130472006;3237721152;3193569536;3302636086;3132888187;3243102320;3195464704;3304549836;3134360913;3239588240;3191979520;3299273086;3132854109;3238865120;3188369408;3297990586;3135471617;3243251360;3195687424;3299347836;3136211649;3243412400;3190707456;3297675836;3133447603;3244441280;3190144768;3304526586;3135600067;3241805120;3195900672;3301600336;3129224987;3241528160;3195881216;3297099086;3129782305;3238104320;3195225088;3297085836;3134694098;3244509920;3194054912;3298348086;3133308929;3240625520;3195635456;3302766836;3130826163;3244537040;3194611200;3304035836;3134641144;3239329520;3195649792;3304077836;3137402045;3238490240;3195388160;3301812336;3131585856;3238262000;3194785024;3303428586;3137090356;3237649632;3191552256;3296816086;3132368618;3240808160;3194605824;3296584228;3136023954;3238104320;3193426176;3304505086;3130937050;3242811200;3191385088;3298611086;3131140998;3243561920;3193980928;3302529586;3133804905;3241420400;3193929472;3303247336;3136715228;3244505600;3195052032;3297292086;3135356798;3243937760;3191073792;3301004586;3133952230;3241885760;3191609600;3300394836;3136100238;3245208080;3194671872;3304421086;3132192719;3240416240;3189585408;3296895586;3135150490;3244331360;3190314240;3300003086;3135627330;3241692800;3190142720;3303677336;3131304051;3237558912;3188708352;3298400836;3135779636;3245176400;3190725632;3296741586;3132702327;3243979040;3193171968;3302664586;3129759761;3241311200;3194496768;3302347336;3132135572;3241366400;3192293888;3301076586;3129928582;3243965600;3194607872;3299728086;3133886694;3240163520;3194536960;3300942836;3130611729;3244229120;3192025600;3304038586;3137481737;3244031840;3195731456;3296850086;3134942610;3242852720;3188192512;3301841086;3130886980;3243193520;3188513024;3304456336;3130166608;3243367760;3194462464;3301281586;3133108126;3239005760;3188537088;3304171586;3131663975;3245203760;3191208192;3300346336;3136557155;3244945280;3193583616;3299526586;3132485796;3244673120;3195976704;3304269836;3133185983;3240405440;3192995072;3301811086;3130194920;3243816800;3189042176;3301982336;3132880585;3242456720;3193890816;3298331836;3136531727;3243524240;3189950720;3299901586;3130176046;3243916880;3188660480;3302586586;3135536891;3244515200;3191461376 in2=3298382586;3131099841;3237848832;3189567744;3297946086;3136165774;3240460160;3194147328;3300930836;3137065714;3242522480;3187855872;3304212086;3130411451;3242554640;3190669056;3298845336;3137348436;3238712240;3188349952;3296723086;3137329169;3241181600;3191987712;3296815586;3135972574;3242229680;3193729024;3297489586;3135389828;3238351760;3194859520;3297564336;3135515919;3241607360;3188797440;3302489336;3132273198;3240821360;3191272960;3302869836;3129683739;3238478960;3191864320;3299076836;3131582448;3236965152;3194662912;3298206086;3130107364;3240699440;3188684032;3299774336;3133918151;3239673200;3190628608;3302919336;3133066183;3239735120;3192225024;3302336086;3129360515;3242825600;3188312064;3297524086;3129153160;3243102560;3193385984;3298964336;3132904440;3243191840;3187894016;3298454336;3130116277;3243896000;3195599616;3301909336;3133993387;3238819040;3190030080;3301744586;3135574639;3236992992;3190715392;3303533336;3131952333;3238399760;3188510720;3300437086;3134090380;3238291520;3193601792;3301910586;3137061520;3238660400;3188088064;3301989586;3130012992;3241321280;3192864000;3301851086;3137271235;3241073840;3188745472;3296342728;3135963923;3239005280;3193835264;3299541586;3133634249;3244978160;3195136512;3298853086;3130959070;3237691872;3194459904;3299952086;3132790670;3240694400;3192466688;3300264336;3130203046;3243689600;3194729984;3301476836;3130860766;3241968560;3189485312;3302401086;3134623057;3239104880;3189345024;3296957836;3131699627;3239767040;3194368000;3301857336;3131942896;3239428160;3193927936;3299285836;3130790249;3242582240;3190600448;3299403336;3132115387;3238690640;3195740160;3301462586;3133497148;3238094000;3188356864;3301009586;3134037951;3242059280;3188285952;3302202836;3130371081;3241337600;3191995904;3302486086;3135215502;3243227120;3189137152;3298764336;3132581479;3240638240;3192719616;3298699336;3132833399;3241124720;3190650880;3304357836;3130041566;3237825312;3194788096;3300979336;3133422961;3240903920;3194572288;3300017086;3135430984;3241795520;3191402240;3297184586;3136753501;3239191520;3187917568;3301160586;3133729932;3245016080;3190917888;3301877086;3136906855;3240800960;3194353664;3301270586;3134833296;3241122320;3192729344;3300003336;3131941848;3243987440;3191360512;3297493586;3131673674;3241187600;3188317184;3297069336;3133556393;3241430240;3195167232;3299855336;3135655904;3243336080;3195851520;3303781336;3133802546;3244808960;3194690048;3299518336;3134780081;3241591040;3194131712;3304301836;3131929789;3238600400;3194525184;3302572836;3137502708;3242586560;3190743552;3298233086;3135458772;3243976880;3190830336;3298293086;3131676558;3242956880;3189554432;3301640836;3135485510;3241145120;3189152512;3301121336;3135530861;3238184240;3191760128;3298928086;3133523887;3241109360;3188696576;3302539836;3131659256;3239311280;3188546560 out=1292317550
